For w = : 64
No. of trails =  240 , Character of Vortex :  6.0
a0 :  [(0, 0, 0), (0, 1, 0), (2, 1, 30), (2, 2, 30), (1, 2, 63), (1, 0, 63)]
a1 :  [(0, 0, 0), (1, 3, 36), (1, 2, 36), (2, 0, 9), (2, 3, 9), (0, 2, 0)]
a2 :  [(0, 0, 0), (2, 1, 3), (0, 4, 7), (3, 1, 17), (3, 3, 24), (2, 3, 46)]
====================================================================================
a0 :  [(0, 0, 1), (0, 1, 1), (2, 1, 31), (2, 2, 31), (1, 2, 0), (1, 0, 0)]
a1 :  [(0, 0, 1), (1, 3, 37), (1, 2, 37), (2, 0, 10), (2, 3, 10), (0, 2, 1)]
a2 :  [(0, 0, 1), (2, 1, 4), (0, 4, 8), (3, 1, 18), (3, 3, 25), (2, 3, 47)]
====================================================================================
a0 :  [(0, 0, 2), (0, 1, 2), (2, 1, 32), (2, 2, 32), (1, 2, 1), (1, 0, 1)]
a1 :  [(0, 0, 2), (1, 3, 38), (1, 2, 38), (2, 0, 11), (2, 3, 11), (0, 2, 2)]
a2 :  [(0, 0, 2), (2, 1, 5), (0, 4, 9), (3, 1, 19), (3, 3, 26), (2, 3, 48)]
====================================================================================
a0 :  [(0, 0, 3), (0, 1, 3), (2, 1, 33), (2, 2, 33), (1, 2, 2), (1, 0, 2)]
a1 :  [(0, 0, 3), (1, 3, 39), (1, 2, 39), (2, 0, 12), (2, 3, 12), (0, 2, 3)]
a2 :  [(0, 0, 3), (2, 1, 6), (0, 4, 10), (3, 1, 20), (3, 3, 27), (2, 3, 49)]
====================================================================================
a0 :  [(0, 0, 4), (0, 1, 4), (2, 1, 34), (2, 2, 34), (1, 2, 3), (1, 0, 3)]
a1 :  [(0, 0, 4), (1, 3, 40), (1, 2, 40), (2, 0, 13), (2, 3, 13), (0, 2, 4)]
a2 :  [(0, 0, 4), (2, 1, 7), (0, 4, 11), (3, 1, 21), (3, 3, 28), (2, 3, 50)]
====================================================================================
a0 :  [(0, 0, 0), (0, 1, 0), (2, 1, 30), (2, 3, 30), (4, 3, 37), (4, 0, 37)]
a1 :  [(0, 0, 0), (1, 3, 36), (1, 2, 36), (3, 3, 45), (3, 2, 45), (0, 3, 0)]
a2 :  [(0, 0, 0), (3, 0, 2), (2, 2, 6), (3, 1, 17), (3, 4, 41), (2, 3, 46)]
====================================================================================
a0 :  [(0, 0, 1), (0, 1, 1), (2, 1, 31), (2, 3, 31), (4, 3, 38), (4, 0, 38)]
a1 :  [(0, 0, 1), (1, 3, 37), (1, 2, 37), (3, 3, 46), (3, 2, 46), (0, 3, 1)]
a2 :  [(0, 0, 1), (3, 0, 3), (2, 2, 7), (3, 1, 18), (3, 4, 42), (2, 3, 47)]
====================================================================================
a0 :  [(0, 0, 2), (0, 1, 2), (2, 1, 32), (2, 3, 32), (4, 3, 39), (4, 0, 39)]
a1 :  [(0, 0, 2), (1, 3, 38), (1, 2, 38), (3, 3, 47), (3, 2, 47), (0, 3, 2)]
a2 :  [(0, 0, 2), (3, 0, 4), (2, 2, 8), (3, 1, 19), (3, 4, 43), (2, 3, 48)]
====================================================================================
a0 :  [(0, 0, 3), (0, 1, 3), (2, 1, 33), (2, 3, 33), (4, 3, 40), (4, 0, 40)]
a1 :  [(0, 0, 3), (1, 3, 39), (1, 2, 39), (3, 3, 48), (3, 2, 48), (0, 3, 3)]
a2 :  [(0, 0, 3), (3, 0, 5), (2, 2, 9), (3, 1, 20), (3, 4, 44), (2, 3, 49)]
====================================================================================
a0 :  [(0, 0, 4), (0, 1, 4), (2, 1, 34), (2, 3, 34), (4, 3, 41), (4, 0, 41)]
a1 :  [(0, 0, 4), (1, 3, 40), (1, 2, 40), (3, 3, 49), (3, 2, 49), (0, 3, 4)]
a2 :  [(0, 0, 4), (3, 0, 6), (2, 2, 10), (3, 1, 21), (3, 4, 45), (2, 3, 50)]
====================================================================================
a0 :  [(0, 0, 0), (0, 3, 0), (3, 3, 20), (3, 2, 20), (2, 2, 2), (2, 0, 2)]
a1 :  [(0, 0, 0), (3, 4, 41), (3, 0, 41), (2, 2, 45), (2, 0, 45), (0, 4, 0)]
a2 :  [(0, 0, 0), (0, 1, 5), (4, 2, 18), (2, 0, 24), (4, 3, 33), (0, 4, 43)]
====================================================================================
a0 :  [(0, 0, 1), (0, 3, 1), (3, 3, 21), (3, 2, 21), (2, 2, 3), (2, 0, 3)]
a1 :  [(0, 0, 1), (3, 4, 42), (3, 0, 42), (2, 2, 46), (2, 0, 46), (0, 4, 1)]
a2 :  [(0, 0, 1), (0, 1, 6), (4, 2, 19), (2, 0, 25), (4, 3, 34), (0, 4, 44)]
====================================================================================
a0 :  [(0, 0, 2), (0, 3, 2), (3, 3, 22), (3, 2, 22), (2, 2, 4), (2, 0, 4)]
a1 :  [(0, 0, 2), (3, 4, 43), (3, 0, 43), (2, 2, 47), (2, 0, 47), (0, 4, 2)]
a2 :  [(0, 0, 2), (0, 1, 7), (4, 2, 20), (2, 0, 26), (4, 3, 35), (0, 4, 45)]
====================================================================================
a0 :  [(0, 0, 3), (0, 3, 3), (3, 3, 23), (3, 2, 23), (2, 2, 5), (2, 0, 5)]
a1 :  [(0, 0, 3), (3, 4, 44), (3, 0, 44), (2, 2, 48), (2, 0, 48), (0, 4, 3)]
a2 :  [(0, 0, 3), (0, 1, 8), (4, 2, 21), (2, 0, 27), (4, 3, 36), (0, 4, 46)]
====================================================================================
a0 :  [(0, 0, 4), (0, 3, 4), (3, 3, 24), (3, 2, 24), (2, 2, 6), (2, 0, 6)]
a1 :  [(0, 0, 4), (3, 4, 45), (3, 0, 45), (2, 2, 49), (2, 0, 49), (0, 4, 4)]
a2 :  [(0, 0, 4), (0, 1, 9), (4, 2, 22), (2, 0, 28), (4, 3, 37), (0, 4, 47)]
====================================================================================
a0 :  [(0, 0, 0), (0, 4, 0), (2, 4, 21), (2, 1, 21), (3, 1, 36), (3, 0, 36)]
a1 :  [(0, 0, 0), (4, 2, 18), (4, 1, 18), (1, 2, 27), (1, 4, 27), (0, 1, 0)]
a2 :  [(0, 0, 0), (4, 4, 29), (1, 3, 36), (2, 3, 37), (1, 1, 38), (2, 4, 57)]
====================================================================================
a0 :  [(0, 0, 1), (0, 4, 1), (2, 4, 22), (2, 1, 22), (3, 1, 37), (3, 0, 37)]
a1 :  [(0, 0, 1), (4, 2, 19), (4, 1, 19), (1, 2, 28), (1, 4, 28), (0, 1, 1)]
a2 :  [(0, 0, 1), (4, 4, 30), (1, 3, 37), (2, 3, 38), (1, 1, 39), (2, 4, 58)]
====================================================================================
a0 :  [(0, 0, 2), (0, 4, 2), (2, 4, 23), (2, 1, 23), (3, 1, 38), (3, 0, 38)]
a1 :  [(0, 0, 2), (4, 2, 20), (4, 1, 20), (1, 2, 29), (1, 4, 29), (0, 1, 2)]
a2 :  [(0, 0, 2), (4, 4, 31), (1, 3, 38), (2, 3, 39), (1, 1, 40), (2, 4, 59)]
====================================================================================
a0 :  [(0, 0, 3), (0, 4, 3), (2, 4, 24), (2, 1, 24), (3, 1, 39), (3, 0, 39)]
a1 :  [(0, 0, 3), (4, 2, 21), (4, 1, 21), (1, 2, 30), (1, 4, 30), (0, 1, 3)]
a2 :  [(0, 0, 3), (4, 4, 32), (1, 3, 39), (2, 3, 40), (1, 1, 41), (2, 4, 60)]
====================================================================================
a0 :  [(0, 0, 4), (0, 4, 4), (2, 4, 25), (2, 1, 25), (3, 1, 40), (3, 0, 40)]
a1 :  [(0, 0, 4), (4, 2, 22), (4, 1, 22), (1, 2, 31), (1, 4, 31), (0, 1, 4)]
a2 :  [(0, 0, 4), (4, 4, 33), (1, 3, 40), (2, 3, 41), (1, 1, 42), (2, 4, 61)]
====================================================================================
a0 :  [(0, 1, 0), (0, 0, 0), (1, 0, 63), (1, 2, 63), (2, 2, 30), (2, 1, 30)]
a1 :  [(1, 3, 36), (0, 0, 0), (0, 2, 0), (2, 3, 9), (2, 0, 9), (1, 2, 36)]
a2 :  [(0, 0, 0), (2, 1, 3), (0, 4, 7), (3, 1, 17), (3, 3, 24), (2, 3, 46)]
====================================================================================
a0 :  [(0, 1, 1), (0, 0, 1), (1, 0, 0), (1, 2, 0), (2, 2, 31), (2, 1, 31)]
a1 :  [(1, 3, 37), (0, 0, 1), (0, 2, 1), (2, 3, 10), (2, 0, 10), (1, 2, 37)]
a2 :  [(0, 0, 1), (2, 1, 4), (0, 4, 8), (3, 1, 18), (3, 3, 25), (2, 3, 47)]
====================================================================================
a0 :  [(0, 1, 2), (0, 0, 2), (1, 0, 1), (1, 2, 1), (2, 2, 32), (2, 1, 32)]
a1 :  [(1, 3, 38), (0, 0, 2), (0, 2, 2), (2, 3, 11), (2, 0, 11), (1, 2, 38)]
a2 :  [(0, 0, 2), (2, 1, 5), (0, 4, 9), (3, 1, 19), (3, 3, 26), (2, 3, 48)]
====================================================================================
a0 :  [(0, 1, 3), (0, 0, 3), (1, 0, 2), (1, 2, 2), (2, 2, 33), (2, 1, 33)]
a1 :  [(1, 3, 39), (0, 0, 3), (0, 2, 3), (2, 3, 12), (2, 0, 12), (1, 2, 39)]
a2 :  [(0, 0, 3), (2, 1, 6), (0, 4, 10), (3, 1, 20), (3, 3, 27), (2, 3, 49)]
====================================================================================
a0 :  [(0, 1, 4), (0, 0, 4), (1, 0, 3), (1, 2, 3), (2, 2, 34), (2, 1, 34)]
a1 :  [(1, 3, 40), (0, 0, 4), (0, 2, 4), (2, 3, 13), (2, 0, 13), (1, 2, 40)]
a2 :  [(0, 0, 4), (2, 1, 7), (0, 4, 11), (3, 1, 21), (3, 3, 28), (2, 3, 50)]
====================================================================================
a0 :  [(0, 1, 0), (0, 0, 0), (4, 0, 37), (4, 3, 37), (2, 3, 30), (2, 1, 30)]
a1 :  [(1, 3, 36), (0, 0, 0), (0, 3, 0), (3, 2, 45), (3, 3, 45), (1, 2, 36)]
a2 :  [(0, 0, 0), (3, 0, 2), (2, 2, 6), (3, 1, 17), (3, 4, 41), (2, 3, 46)]
====================================================================================
a0 :  [(0, 1, 1), (0, 0, 1), (4, 0, 38), (4, 3, 38), (2, 3, 31), (2, 1, 31)]
a1 :  [(1, 3, 37), (0, 0, 1), (0, 3, 1), (3, 2, 46), (3, 3, 46), (1, 2, 37)]
a2 :  [(0, 0, 1), (3, 0, 3), (2, 2, 7), (3, 1, 18), (3, 4, 42), (2, 3, 47)]
====================================================================================
a0 :  [(0, 1, 2), (0, 0, 2), (4, 0, 39), (4, 3, 39), (2, 3, 32), (2, 1, 32)]
a1 :  [(1, 3, 38), (0, 0, 2), (0, 3, 2), (3, 2, 47), (3, 3, 47), (1, 2, 38)]
a2 :  [(0, 0, 2), (3, 0, 4), (2, 2, 8), (3, 1, 19), (3, 4, 43), (2, 3, 48)]
====================================================================================
a0 :  [(0, 1, 3), (0, 0, 3), (4, 0, 40), (4, 3, 40), (2, 3, 33), (2, 1, 33)]
a1 :  [(1, 3, 39), (0, 0, 3), (0, 3, 3), (3, 2, 48), (3, 3, 48), (1, 2, 39)]
a2 :  [(0, 0, 3), (3, 0, 5), (2, 2, 9), (3, 1, 20), (3, 4, 44), (2, 3, 49)]
====================================================================================
a0 :  [(0, 1, 4), (0, 0, 4), (4, 0, 41), (4, 3, 41), (2, 3, 34), (2, 1, 34)]
a1 :  [(1, 3, 40), (0, 0, 4), (0, 3, 4), (3, 2, 49), (3, 3, 49), (1, 2, 40)]
a2 :  [(0, 0, 4), (3, 0, 6), (2, 2, 10), (3, 1, 21), (3, 4, 45), (2, 3, 50)]
====================================================================================
a0 :  [(0, 1, 0), (0, 3, 0), (1, 3, 60), (1, 2, 60), (3, 2, 45), (3, 1, 45)]
a1 :  [(1, 3, 36), (3, 4, 41), (3, 1, 41), (2, 3, 6), (2, 2, 6), (1, 4, 36)]
a2 :  [(3, 1, 17), (3, 3, 21), (1, 4, 32), (4, 3, 33), (4, 4, 38), (2, 0, 49)]
====================================================================================
a0 :  [(0, 1, 1), (0, 3, 1), (1, 3, 61), (1, 2, 61), (3, 2, 46), (3, 1, 46)]
a1 :  [(1, 3, 37), (3, 4, 42), (3, 1, 42), (2, 3, 7), (2, 2, 7), (1, 4, 37)]
a2 :  [(3, 1, 18), (3, 3, 22), (1, 4, 33), (4, 3, 34), (4, 4, 39), (2, 0, 50)]
====================================================================================
a0 :  [(0, 1, 2), (0, 3, 2), (1, 3, 62), (1, 2, 62), (3, 2, 47), (3, 1, 47)]
a1 :  [(1, 3, 38), (3, 4, 43), (3, 1, 43), (2, 3, 8), (2, 2, 8), (1, 4, 38)]
a2 :  [(3, 1, 19), (3, 3, 23), (1, 4, 34), (4, 3, 35), (4, 4, 40), (2, 0, 51)]
====================================================================================
a0 :  [(0, 1, 3), (0, 3, 3), (1, 3, 63), (1, 2, 63), (3, 2, 48), (3, 1, 48)]
a1 :  [(1, 3, 39), (3, 4, 44), (3, 1, 44), (2, 3, 9), (2, 2, 9), (1, 4, 39)]
a2 :  [(3, 1, 20), (3, 3, 24), (1, 4, 35), (4, 3, 36), (4, 4, 41), (2, 0, 52)]
====================================================================================
a0 :  [(0, 1, 4), (0, 3, 4), (1, 3, 0), (1, 2, 0), (3, 2, 49), (3, 1, 49)]
a1 :  [(1, 3, 40), (3, 4, 45), (3, 1, 45), (2, 3, 10), (2, 2, 10), (1, 4, 40)]
a2 :  [(3, 1, 21), (3, 3, 25), (1, 4, 36), (4, 3, 37), (4, 4, 42), (2, 0, 53)]
====================================================================================
a0 :  [(0, 2, 0), (0, 4, 0), (2, 4, 21), (2, 3, 21), (4, 3, 28), (4, 2, 28)]
a1 :  [(2, 1, 3), (4, 2, 18), (4, 1, 18), (3, 3, 36), (3, 2, 36), (2, 4, 3)]
a2 :  [(4, 1, 0), (1, 2, 9), (1, 1, 38), (3, 0, 57), (2, 4, 57), (2, 2, 61)]
====================================================================================
a0 :  [(0, 2, 1), (0, 4, 1), (2, 4, 22), (2, 3, 22), (4, 3, 29), (4, 2, 29)]
a1 :  [(2, 1, 4), (4, 2, 19), (4, 1, 19), (3, 3, 37), (3, 2, 37), (2, 4, 4)]
a2 :  [(4, 1, 1), (1, 2, 10), (1, 1, 39), (3, 0, 58), (2, 4, 58), (2, 2, 62)]
====================================================================================
a0 :  [(0, 2, 2), (0, 4, 2), (2, 4, 23), (2, 3, 23), (4, 3, 30), (4, 2, 30)]
a1 :  [(2, 1, 5), (4, 2, 20), (4, 1, 20), (3, 3, 38), (3, 2, 38), (2, 4, 5)]
a2 :  [(4, 1, 2), (1, 2, 11), (1, 1, 40), (3, 0, 59), (2, 4, 59), (2, 2, 63)]
====================================================================================
a0 :  [(0, 2, 3), (0, 4, 3), (2, 4, 24), (2, 3, 24), (4, 3, 31), (4, 2, 31)]
a1 :  [(2, 1, 6), (4, 2, 21), (4, 1, 21), (3, 3, 39), (3, 2, 39), (2, 4, 6)]
a2 :  [(2, 2, 0), (4, 1, 3), (1, 2, 12), (1, 1, 41), (3, 0, 60), (2, 4, 60)]
====================================================================================
a0 :  [(0, 2, 4), (0, 4, 4), (2, 4, 25), (2, 3, 25), (4, 3, 32), (4, 2, 32)]
a1 :  [(2, 1, 7), (4, 2, 22), (4, 1, 22), (3, 3, 40), (3, 2, 40), (2, 4, 7)]
a2 :  [(2, 2, 1), (4, 1, 4), (1, 2, 13), (1, 1, 42), (3, 0, 61), (2, 4, 61)]
====================================================================================
a0 :  [(0, 3, 0), (0, 0, 0), (2, 0, 2), (2, 2, 2), (3, 2, 20), (3, 3, 20)]
a1 :  [(3, 4, 41), (0, 0, 0), (0, 4, 0), (2, 0, 45), (2, 2, 45), (3, 0, 41)]
a2 :  [(0, 0, 0), (0, 1, 5), (4, 2, 18), (2, 0, 24), (4, 3, 33), (0, 4, 43)]
====================================================================================
a0 :  [(0, 3, 1), (0, 0, 1), (2, 0, 3), (2, 2, 3), (3, 2, 21), (3, 3, 21)]
a1 :  [(3, 4, 42), (0, 0, 1), (0, 4, 1), (2, 0, 46), (2, 2, 46), (3, 0, 42)]
a2 :  [(0, 0, 1), (0, 1, 6), (4, 2, 19), (2, 0, 25), (4, 3, 34), (0, 4, 44)]
====================================================================================
a0 :  [(0, 3, 2), (0, 0, 2), (2, 0, 4), (2, 2, 4), (3, 2, 22), (3, 3, 22)]
a1 :  [(3, 4, 43), (0, 0, 2), (0, 4, 2), (2, 0, 47), (2, 2, 47), (3, 0, 43)]
a2 :  [(0, 0, 2), (0, 1, 7), (4, 2, 20), (2, 0, 26), (4, 3, 35), (0, 4, 45)]
====================================================================================
a0 :  [(0, 3, 3), (0, 0, 3), (2, 0, 5), (2, 2, 5), (3, 2, 23), (3, 3, 23)]
a1 :  [(3, 4, 44), (0, 0, 3), (0, 4, 3), (2, 0, 48), (2, 2, 48), (3, 0, 44)]
a2 :  [(0, 0, 3), (0, 1, 8), (4, 2, 21), (2, 0, 27), (4, 3, 36), (0, 4, 46)]
====================================================================================
a0 :  [(0, 3, 4), (0, 0, 4), (2, 0, 6), (2, 2, 6), (3, 2, 24), (3, 3, 24)]
a1 :  [(3, 4, 45), (0, 0, 4), (0, 4, 4), (2, 0, 49), (2, 2, 49), (3, 0, 45)]
a2 :  [(0, 0, 4), (0, 1, 9), (4, 2, 22), (2, 0, 28), (4, 3, 37), (0, 4, 47)]
====================================================================================
a0 :  [(0, 3, 0), (0, 1, 0), (3, 1, 45), (3, 2, 45), (1, 2, 60), (1, 3, 60)]
a1 :  [(3, 4, 41), (1, 3, 36), (1, 4, 36), (2, 2, 6), (2, 3, 6), (3, 1, 41)]
a2 :  [(3, 1, 17), (3, 3, 21), (1, 4, 32), (4, 3, 33), (4, 4, 38), (2, 0, 49)]
====================================================================================
a0 :  [(0, 3, 1), (0, 1, 1), (3, 1, 46), (3, 2, 46), (1, 2, 61), (1, 3, 61)]
a1 :  [(3, 4, 42), (1, 3, 37), (1, 4, 37), (2, 2, 7), (2, 3, 7), (3, 1, 42)]
a2 :  [(3, 1, 18), (3, 3, 22), (1, 4, 33), (4, 3, 34), (4, 4, 39), (2, 0, 50)]
====================================================================================
a0 :  [(0, 3, 2), (0, 1, 2), (3, 1, 47), (3, 2, 47), (1, 2, 62), (1, 3, 62)]
a1 :  [(3, 4, 43), (1, 3, 38), (1, 4, 38), (2, 2, 8), (2, 3, 8), (3, 1, 43)]
a2 :  [(3, 1, 19), (3, 3, 23), (1, 4, 34), (4, 3, 35), (4, 4, 40), (2, 0, 51)]
====================================================================================
a0 :  [(0, 3, 3), (0, 1, 3), (3, 1, 48), (3, 2, 48), (1, 2, 63), (1, 3, 63)]
a1 :  [(3, 4, 44), (1, 3, 39), (1, 4, 39), (2, 2, 9), (2, 3, 9), (3, 1, 44)]
a2 :  [(3, 1, 20), (3, 3, 24), (1, 4, 35), (4, 3, 36), (4, 4, 41), (2, 0, 52)]
====================================================================================
a0 :  [(0, 3, 4), (0, 1, 4), (3, 1, 49), (3, 2, 49), (1, 2, 0), (1, 3, 0)]
a1 :  [(3, 4, 45), (1, 3, 40), (1, 4, 40), (2, 2, 10), (2, 3, 10), (3, 1, 45)]
a2 :  [(3, 1, 21), (3, 3, 25), (1, 4, 36), (4, 3, 37), (4, 4, 42), (2, 0, 53)]
====================================================================================
a0 :  [(0, 4, 0), (0, 0, 0), (3, 0, 36), (3, 1, 36), (2, 1, 21), (2, 4, 21)]
a1 :  [(4, 2, 18), (0, 0, 0), (0, 1, 0), (1, 4, 27), (1, 2, 27), (4, 1, 18)]
a2 :  [(0, 0, 0), (4, 4, 29), (1, 3, 36), (2, 3, 37), (1, 1, 38), (2, 4, 57)]
====================================================================================
a0 :  [(0, 4, 1), (0, 0, 1), (3, 0, 37), (3, 1, 37), (2, 1, 22), (2, 4, 22)]
a1 :  [(4, 2, 19), (0, 0, 1), (0, 1, 1), (1, 4, 28), (1, 2, 28), (4, 1, 19)]
a2 :  [(0, 0, 1), (4, 4, 30), (1, 3, 37), (2, 3, 38), (1, 1, 39), (2, 4, 58)]
====================================================================================
a0 :  [(0, 4, 2), (0, 0, 2), (3, 0, 38), (3, 1, 38), (2, 1, 23), (2, 4, 23)]
a1 :  [(4, 2, 20), (0, 0, 2), (0, 1, 2), (1, 4, 29), (1, 2, 29), (4, 1, 20)]
a2 :  [(0, 0, 2), (4, 4, 31), (1, 3, 38), (2, 3, 39), (1, 1, 40), (2, 4, 59)]
====================================================================================
a0 :  [(0, 4, 3), (0, 0, 3), (3, 0, 39), (3, 1, 39), (2, 1, 24), (2, 4, 24)]
a1 :  [(4, 2, 21), (0, 0, 3), (0, 1, 3), (1, 4, 30), (1, 2, 30), (4, 1, 21)]
a2 :  [(0, 0, 3), (4, 4, 32), (1, 3, 39), (2, 3, 40), (1, 1, 41), (2, 4, 60)]
====================================================================================
a0 :  [(0, 4, 4), (0, 0, 4), (3, 0, 40), (3, 1, 40), (2, 1, 25), (2, 4, 25)]
a1 :  [(4, 2, 22), (0, 0, 4), (0, 1, 4), (1, 4, 31), (1, 2, 31), (4, 1, 22)]
a2 :  [(0, 0, 4), (4, 4, 33), (1, 3, 40), (2, 3, 41), (1, 1, 42), (2, 4, 61)]
====================================================================================
a0 :  [(0, 4, 0), (0, 2, 0), (4, 2, 28), (4, 3, 28), (2, 3, 21), (2, 4, 21)]
a1 :  [(4, 2, 18), (2, 1, 3), (2, 4, 3), (3, 2, 36), (3, 3, 36), (4, 1, 18)]
a2 :  [(4, 1, 0), (1, 2, 9), (1, 1, 38), (3, 0, 57), (2, 4, 57), (2, 2, 61)]
====================================================================================
a0 :  [(0, 4, 1), (0, 2, 1), (4, 2, 29), (4, 3, 29), (2, 3, 22), (2, 4, 22)]
a1 :  [(4, 2, 19), (2, 1, 4), (2, 4, 4), (3, 2, 37), (3, 3, 37), (4, 1, 19)]
a2 :  [(4, 1, 1), (1, 2, 10), (1, 1, 39), (3, 0, 58), (2, 4, 58), (2, 2, 62)]
====================================================================================
a0 :  [(0, 4, 2), (0, 2, 2), (4, 2, 30), (4, 3, 30), (2, 3, 23), (2, 4, 23)]
a1 :  [(4, 2, 20), (2, 1, 5), (2, 4, 5), (3, 2, 38), (3, 3, 38), (4, 1, 20)]
a2 :  [(4, 1, 2), (1, 2, 11), (1, 1, 40), (3, 0, 59), (2, 4, 59), (2, 2, 63)]
====================================================================================
a0 :  [(0, 4, 3), (0, 2, 3), (4, 2, 31), (4, 3, 31), (2, 3, 24), (2, 4, 24)]
a1 :  [(4, 2, 21), (2, 1, 6), (2, 4, 6), (3, 2, 39), (3, 3, 39), (4, 1, 21)]
a2 :  [(2, 2, 0), (4, 1, 3), (1, 2, 12), (1, 1, 41), (3, 0, 60), (2, 4, 60)]
====================================================================================
a0 :  [(0, 4, 4), (0, 2, 4), (4, 2, 32), (4, 3, 32), (2, 3, 25), (2, 4, 25)]
a1 :  [(4, 2, 22), (2, 1, 7), (2, 4, 7), (3, 2, 40), (3, 3, 40), (4, 1, 22)]
a2 :  [(2, 2, 1), (4, 1, 4), (1, 2, 13), (1, 1, 42), (3, 0, 61), (2, 4, 61)]
====================================================================================
a0 :  [(1, 0, 0), (1, 2, 0), (2, 2, 31), (2, 1, 31), (0, 1, 1), (0, 0, 1)]
a1 :  [(0, 2, 1), (2, 3, 10), (2, 0, 10), (1, 2, 37), (1, 3, 37), (0, 0, 1)]
a2 :  [(0, 0, 1), (2, 1, 4), (0, 4, 8), (3, 1, 18), (3, 3, 25), (2, 3, 47)]
====================================================================================
a0 :  [(1, 0, 1), (1, 2, 1), (2, 2, 32), (2, 1, 32), (0, 1, 2), (0, 0, 2)]
a1 :  [(0, 2, 2), (2, 3, 11), (2, 0, 11), (1, 2, 38), (1, 3, 38), (0, 0, 2)]
a2 :  [(0, 0, 2), (2, 1, 5), (0, 4, 9), (3, 1, 19), (3, 3, 26), (2, 3, 48)]
====================================================================================
a0 :  [(1, 0, 2), (1, 2, 2), (2, 2, 33), (2, 1, 33), (0, 1, 3), (0, 0, 3)]
a1 :  [(0, 2, 3), (2, 3, 12), (2, 0, 12), (1, 2, 39), (1, 3, 39), (0, 0, 3)]
a2 :  [(0, 0, 3), (2, 1, 6), (0, 4, 10), (3, 1, 20), (3, 3, 27), (2, 3, 49)]
====================================================================================
a0 :  [(1, 0, 3), (1, 2, 3), (2, 2, 34), (2, 1, 34), (0, 1, 4), (0, 0, 4)]
a1 :  [(0, 2, 4), (2, 3, 13), (2, 0, 13), (1, 2, 40), (1, 3, 40), (0, 0, 4)]
a2 :  [(0, 0, 4), (2, 1, 7), (0, 4, 11), (3, 1, 21), (3, 3, 28), (2, 3, 50)]
====================================================================================
a0 :  [(1, 0, 4), (1, 2, 4), (2, 2, 35), (2, 1, 35), (0, 1, 5), (0, 0, 5)]
a1 :  [(0, 2, 5), (2, 3, 14), (2, 0, 14), (1, 2, 41), (1, 3, 41), (0, 0, 5)]
a2 :  [(0, 0, 5), (2, 1, 8), (0, 4, 12), (3, 1, 22), (3, 3, 29), (2, 3, 51)]
====================================================================================
a0 :  [(1, 0, 0), (1, 2, 0), (2, 2, 31), (2, 3, 31), (4, 3, 38), (4, 0, 38)]
a1 :  [(0, 2, 1), (2, 3, 10), (2, 0, 10), (3, 3, 46), (3, 2, 46), (0, 3, 1)]
a2 :  [(3, 0, 3), (2, 1, 4), (2, 2, 7), (0, 4, 8), (3, 3, 25), (3, 4, 42)]
====================================================================================
a0 :  [(1, 0, 1), (1, 2, 1), (2, 2, 32), (2, 3, 32), (4, 3, 39), (4, 0, 39)]
a1 :  [(0, 2, 2), (2, 3, 11), (2, 0, 11), (3, 3, 47), (3, 2, 47), (0, 3, 2)]
a2 :  [(3, 0, 4), (2, 1, 5), (2, 2, 8), (0, 4, 9), (3, 3, 26), (3, 4, 43)]
====================================================================================
a0 :  [(1, 0, 2), (1, 2, 2), (2, 2, 33), (2, 3, 33), (4, 3, 40), (4, 0, 40)]
a1 :  [(0, 2, 3), (2, 3, 12), (2, 0, 12), (3, 3, 48), (3, 2, 48), (0, 3, 3)]
a2 :  [(3, 0, 5), (2, 1, 6), (2, 2, 9), (0, 4, 10), (3, 3, 27), (3, 4, 44)]
====================================================================================
a0 :  [(1, 0, 3), (1, 2, 3), (2, 2, 34), (2, 3, 34), (4, 3, 41), (4, 0, 41)]
a1 :  [(0, 2, 4), (2, 3, 13), (2, 0, 13), (3, 3, 49), (3, 2, 49), (0, 3, 4)]
a2 :  [(3, 0, 6), (2, 1, 7), (2, 2, 10), (0, 4, 11), (3, 3, 28), (3, 4, 45)]
====================================================================================
a0 :  [(1, 0, 4), (1, 2, 4), (2, 2, 35), (2, 3, 35), (4, 3, 42), (4, 0, 42)]
a1 :  [(0, 2, 5), (2, 3, 14), (2, 0, 14), (3, 3, 50), (3, 2, 50), (0, 3, 5)]
a2 :  [(3, 0, 7), (2, 1, 8), (2, 2, 11), (0, 4, 12), (3, 3, 29), (3, 4, 46)]
====================================================================================
a0 :  [(1, 2, 0), (1, 0, 0), (0, 0, 1), (0, 1, 1), (2, 1, 31), (2, 2, 31)]
a1 :  [(2, 3, 10), (0, 2, 1), (0, 0, 1), (1, 3, 37), (1, 2, 37), (2, 0, 10)]
a2 :  [(0, 0, 1), (2, 1, 4), (0, 4, 8), (3, 1, 18), (3, 3, 25), (2, 3, 47)]
====================================================================================
a0 :  [(1, 2, 1), (1, 0, 1), (0, 0, 2), (0, 1, 2), (2, 1, 32), (2, 2, 32)]
a1 :  [(2, 3, 11), (0, 2, 2), (0, 0, 2), (1, 3, 38), (1, 2, 38), (2, 0, 11)]
a2 :  [(0, 0, 2), (2, 1, 5), (0, 4, 9), (3, 1, 19), (3, 3, 26), (2, 3, 48)]
====================================================================================
a0 :  [(1, 2, 2), (1, 0, 2), (0, 0, 3), (0, 1, 3), (2, 1, 33), (2, 2, 33)]
a1 :  [(2, 3, 12), (0, 2, 3), (0, 0, 3), (1, 3, 39), (1, 2, 39), (2, 0, 12)]
a2 :  [(0, 0, 3), (2, 1, 6), (0, 4, 10), (3, 1, 20), (3, 3, 27), (2, 3, 49)]
====================================================================================
a0 :  [(1, 2, 3), (1, 0, 3), (0, 0, 4), (0, 1, 4), (2, 1, 34), (2, 2, 34)]
a1 :  [(2, 3, 13), (0, 2, 4), (0, 0, 4), (1, 3, 40), (1, 2, 40), (2, 0, 13)]
a2 :  [(0, 0, 4), (2, 1, 7), (0, 4, 11), (3, 1, 21), (3, 3, 28), (2, 3, 50)]
====================================================================================
a0 :  [(1, 2, 4), (1, 0, 4), (0, 0, 5), (0, 1, 5), (2, 1, 35), (2, 2, 35)]
a1 :  [(2, 3, 14), (0, 2, 5), (0, 0, 5), (1, 3, 41), (1, 2, 41), (2, 0, 14)]
a2 :  [(0, 0, 5), (2, 1, 8), (0, 4, 12), (3, 1, 22), (3, 3, 29), (2, 3, 51)]
====================================================================================
a0 :  [(1, 2, 0), (1, 0, 0), (4, 0, 38), (4, 3, 38), (2, 3, 31), (2, 2, 31)]
a1 :  [(2, 3, 10), (0, 2, 1), (0, 3, 1), (3, 2, 46), (3, 3, 46), (2, 0, 10)]
a2 :  [(3, 0, 3), (2, 1, 4), (2, 2, 7), (0, 4, 8), (3, 3, 25), (3, 4, 42)]
====================================================================================
a0 :  [(1, 2, 1), (1, 0, 1), (4, 0, 39), (4, 3, 39), (2, 3, 32), (2, 2, 32)]
a1 :  [(2, 3, 11), (0, 2, 2), (0, 3, 2), (3, 2, 47), (3, 3, 47), (2, 0, 11)]
a2 :  [(3, 0, 4), (2, 1, 5), (2, 2, 8), (0, 4, 9), (3, 3, 26), (3, 4, 43)]
====================================================================================
a0 :  [(1, 2, 2), (1, 0, 2), (4, 0, 40), (4, 3, 40), (2, 3, 33), (2, 2, 33)]
a1 :  [(2, 3, 12), (0, 2, 3), (0, 3, 3), (3, 2, 48), (3, 3, 48), (2, 0, 12)]
a2 :  [(3, 0, 5), (2, 1, 6), (2, 2, 9), (0, 4, 10), (3, 3, 27), (3, 4, 44)]
====================================================================================
a0 :  [(1, 2, 3), (1, 0, 3), (4, 0, 41), (4, 3, 41), (2, 3, 34), (2, 2, 34)]
a1 :  [(2, 3, 13), (0, 2, 4), (0, 3, 4), (3, 2, 49), (3, 3, 49), (2, 0, 13)]
a2 :  [(3, 0, 6), (2, 1, 7), (2, 2, 10), (0, 4, 11), (3, 3, 28), (3, 4, 45)]
====================================================================================
a0 :  [(1, 2, 4), (1, 0, 4), (4, 0, 42), (4, 3, 42), (2, 3, 35), (2, 2, 35)]
a1 :  [(2, 3, 14), (0, 2, 5), (0, 3, 5), (3, 2, 50), (3, 3, 50), (2, 0, 14)]
a2 :  [(3, 0, 7), (2, 1, 8), (2, 2, 11), (0, 4, 12), (3, 3, 29), (3, 4, 46)]
====================================================================================
a0 :  [(1, 2, 0), (1, 3, 0), (0, 3, 4), (0, 1, 4), (3, 1, 49), (3, 2, 49)]
a1 :  [(2, 3, 10), (3, 1, 45), (3, 4, 45), (1, 3, 40), (1, 4, 40), (2, 2, 10)]
a2 :  [(3, 1, 21), (3, 3, 25), (1, 4, 36), (4, 3, 37), (4, 4, 42), (2, 0, 53)]
====================================================================================
a0 :  [(1, 2, 1), (1, 3, 1), (0, 3, 5), (0, 1, 5), (3, 1, 50), (3, 2, 50)]
a1 :  [(2, 3, 11), (3, 1, 46), (3, 4, 46), (1, 3, 41), (1, 4, 41), (2, 2, 11)]
a2 :  [(3, 1, 22), (3, 3, 26), (1, 4, 37), (4, 3, 38), (4, 4, 43), (2, 0, 54)]
====================================================================================
a0 :  [(1, 2, 2), (1, 3, 2), (0, 3, 6), (0, 1, 6), (3, 1, 51), (3, 2, 51)]
a1 :  [(2, 3, 12), (3, 1, 47), (3, 4, 47), (1, 3, 42), (1, 4, 42), (2, 2, 12)]
a2 :  [(3, 1, 23), (3, 3, 27), (1, 4, 38), (4, 3, 39), (4, 4, 44), (2, 0, 55)]
====================================================================================
a0 :  [(1, 2, 3), (1, 3, 3), (0, 3, 7), (0, 1, 7), (3, 1, 52), (3, 2, 52)]
a1 :  [(2, 3, 13), (3, 1, 48), (3, 4, 48), (1, 3, 43), (1, 4, 43), (2, 2, 13)]
a2 :  [(3, 1, 24), (3, 3, 28), (1, 4, 39), (4, 3, 40), (4, 4, 45), (2, 0, 56)]
====================================================================================
a0 :  [(1, 2, 4), (1, 3, 4), (0, 3, 8), (0, 1, 8), (3, 1, 53), (3, 2, 53)]
a1 :  [(2, 3, 14), (3, 1, 49), (3, 4, 49), (1, 3, 44), (1, 4, 44), (2, 2, 14)]
a2 :  [(3, 1, 25), (3, 3, 29), (1, 4, 40), (4, 3, 41), (4, 4, 46), (2, 0, 57)]
====================================================================================
a0 :  [(1, 3, 0), (1, 2, 0), (3, 2, 49), (3, 1, 49), (0, 1, 4), (0, 3, 4)]
a1 :  [(3, 1, 45), (2, 3, 10), (2, 2, 10), (1, 4, 40), (1, 3, 40), (3, 4, 45)]
a2 :  [(3, 1, 21), (3, 3, 25), (1, 4, 36), (4, 3, 37), (4, 4, 42), (2, 0, 53)]
====================================================================================
a0 :  [(1, 3, 1), (1, 2, 1), (3, 2, 50), (3, 1, 50), (0, 1, 5), (0, 3, 5)]
a1 :  [(3, 1, 46), (2, 3, 11), (2, 2, 11), (1, 4, 41), (1, 3, 41), (3, 4, 46)]
a2 :  [(3, 1, 22), (3, 3, 26), (1, 4, 37), (4, 3, 38), (4, 4, 43), (2, 0, 54)]
====================================================================================
a0 :  [(1, 3, 2), (1, 2, 2), (3, 2, 51), (3, 1, 51), (0, 1, 6), (0, 3, 6)]
a1 :  [(3, 1, 47), (2, 3, 12), (2, 2, 12), (1, 4, 42), (1, 3, 42), (3, 4, 47)]
a2 :  [(3, 1, 23), (3, 3, 27), (1, 4, 38), (4, 3, 39), (4, 4, 44), (2, 0, 55)]
====================================================================================
a0 :  [(1, 3, 3), (1, 2, 3), (3, 2, 52), (3, 1, 52), (0, 1, 7), (0, 3, 7)]
a1 :  [(3, 1, 48), (2, 3, 13), (2, 2, 13), (1, 4, 43), (1, 3, 43), (3, 4, 48)]
a2 :  [(3, 1, 24), (3, 3, 28), (1, 4, 39), (4, 3, 40), (4, 4, 45), (2, 0, 56)]
====================================================================================
a0 :  [(1, 3, 4), (1, 2, 4), (3, 2, 53), (3, 1, 53), (0, 1, 8), (0, 3, 8)]
a1 :  [(3, 1, 49), (2, 3, 14), (2, 2, 14), (1, 4, 44), (1, 3, 44), (3, 4, 49)]
a2 :  [(3, 1, 25), (3, 3, 29), (1, 4, 40), (4, 3, 41), (4, 4, 46), (2, 0, 57)]
====================================================================================
a0 :  [(2, 0, 0), (2, 2, 0), (3, 2, 18), (3, 3, 18), (0, 3, 62), (0, 0, 62)]
a1 :  [(0, 4, 62), (2, 0, 43), (2, 2, 43), (3, 0, 39), (3, 4, 39), (0, 0, 62)]
a2 :  [(0, 1, 3), (4, 2, 16), (2, 0, 22), (4, 3, 31), (0, 4, 41), (0, 0, 62)]
====================================================================================
a0 :  [(2, 0, 1), (2, 2, 1), (3, 2, 19), (3, 3, 19), (0, 3, 63), (0, 0, 63)]
a1 :  [(0, 4, 63), (2, 0, 44), (2, 2, 44), (3, 0, 40), (3, 4, 40), (0, 0, 63)]
a2 :  [(0, 1, 4), (4, 2, 17), (2, 0, 23), (4, 3, 32), (0, 4, 42), (0, 0, 63)]
====================================================================================
a0 :  [(2, 0, 2), (2, 2, 2), (3, 2, 20), (3, 3, 20), (0, 3, 0), (0, 0, 0)]
a1 :  [(0, 4, 0), (2, 0, 45), (2, 2, 45), (3, 0, 41), (3, 4, 41), (0, 0, 0)]
a2 :  [(0, 0, 0), (0, 1, 5), (4, 2, 18), (2, 0, 24), (4, 3, 33), (0, 4, 43)]
====================================================================================
a0 :  [(2, 0, 3), (2, 2, 3), (3, 2, 21), (3, 3, 21), (0, 3, 1), (0, 0, 1)]
a1 :  [(0, 4, 1), (2, 0, 46), (2, 2, 46), (3, 0, 42), (3, 4, 42), (0, 0, 1)]
a2 :  [(0, 0, 1), (0, 1, 6), (4, 2, 19), (2, 0, 25), (4, 3, 34), (0, 4, 44)]
====================================================================================
a0 :  [(2, 0, 4), (2, 2, 4), (3, 2, 22), (3, 3, 22), (0, 3, 2), (0, 0, 2)]
a1 :  [(0, 4, 2), (2, 0, 47), (2, 2, 47), (3, 0, 43), (3, 4, 43), (0, 0, 2)]
a2 :  [(0, 0, 2), (0, 1, 7), (4, 2, 20), (2, 0, 26), (4, 3, 35), (0, 4, 45)]
====================================================================================
a0 :  [(2, 0, 0), (2, 4, 0), (4, 4, 47), (4, 3, 47), (3, 3, 34), (3, 0, 34)]
a1 :  [(0, 4, 62), (4, 1, 61), (4, 0, 61), (3, 2, 55), (3, 0, 55), (0, 1, 62)]
a2 :  [(2, 2, 16), (4, 2, 16), (1, 1, 17), (0, 1, 19), (0, 3, 24), (1, 3, 34)]
====================================================================================
a0 :  [(2, 0, 1), (2, 4, 1), (4, 4, 48), (4, 3, 48), (3, 3, 35), (3, 0, 35)]
a1 :  [(0, 4, 63), (4, 1, 62), (4, 0, 62), (3, 2, 56), (3, 0, 56), (0, 1, 63)]
a2 :  [(2, 2, 17), (4, 2, 17), (1, 1, 18), (0, 1, 20), (0, 3, 25), (1, 3, 35)]
====================================================================================
a0 :  [(2, 0, 2), (2, 4, 2), (4, 4, 49), (4, 3, 49), (3, 3, 36), (3, 0, 36)]
a1 :  [(0, 4, 0), (4, 1, 63), (4, 0, 63), (3, 2, 57), (3, 0, 57), (0, 1, 0)]
a2 :  [(2, 2, 18), (4, 2, 18), (1, 1, 19), (0, 1, 21), (0, 3, 26), (1, 3, 36)]
====================================================================================
a0 :  [(2, 0, 3), (2, 4, 3), (4, 4, 50), (4, 3, 50), (3, 3, 37), (3, 0, 37)]
a1 :  [(0, 4, 1), (4, 1, 0), (4, 0, 0), (3, 2, 58), (3, 0, 58), (0, 1, 1)]
a2 :  [(2, 2, 19), (4, 2, 19), (1, 1, 20), (0, 1, 22), (0, 3, 27), (1, 3, 37)]
====================================================================================
a0 :  [(2, 0, 4), (2, 4, 4), (4, 4, 51), (4, 3, 51), (3, 3, 38), (3, 0, 38)]
a1 :  [(0, 4, 2), (4, 1, 1), (4, 0, 1), (3, 2, 59), (3, 0, 59), (0, 1, 2)]
a2 :  [(2, 2, 20), (4, 2, 20), (1, 1, 21), (0, 1, 23), (0, 3, 28), (1, 3, 38)]
====================================================================================
a0 :  [(2, 1, 0), (2, 2, 0), (1, 2, 33), (1, 0, 33), (0, 0, 34), (0, 1, 34)]
a1 :  [(1, 2, 6), (2, 0, 43), (2, 3, 43), (0, 2, 34), (0, 0, 34), (1, 3, 6)]
a2 :  [(2, 3, 16), (0, 0, 34), (2, 1, 37), (0, 4, 41), (3, 1, 51), (3, 3, 58)]
====================================================================================
a0 :  [(2, 1, 1), (2, 2, 1), (1, 2, 34), (1, 0, 34), (0, 0, 35), (0, 1, 35)]
a1 :  [(1, 2, 7), (2, 0, 44), (2, 3, 44), (0, 2, 35), (0, 0, 35), (1, 3, 7)]
a2 :  [(2, 3, 17), (0, 0, 35), (2, 1, 38), (0, 4, 42), (3, 1, 52), (3, 3, 59)]
====================================================================================
a0 :  [(2, 1, 2), (2, 2, 2), (1, 2, 35), (1, 0, 35), (0, 0, 36), (0, 1, 36)]
a1 :  [(1, 2, 8), (2, 0, 45), (2, 3, 45), (0, 2, 36), (0, 0, 36), (1, 3, 8)]
a2 :  [(2, 3, 18), (0, 0, 36), (2, 1, 39), (0, 4, 43), (3, 1, 53), (3, 3, 60)]
====================================================================================
a0 :  [(2, 1, 3), (2, 2, 3), (1, 2, 36), (1, 0, 36), (0, 0, 37), (0, 1, 37)]
a1 :  [(1, 2, 9), (2, 0, 46), (2, 3, 46), (0, 2, 37), (0, 0, 37), (1, 3, 9)]
a2 :  [(2, 3, 19), (0, 0, 37), (2, 1, 40), (0, 4, 44), (3, 1, 54), (3, 3, 61)]
====================================================================================
a0 :  [(2, 1, 4), (2, 2, 4), (1, 2, 37), (1, 0, 37), (0, 0, 38), (0, 1, 38)]
a1 :  [(1, 2, 10), (2, 0, 47), (2, 3, 47), (0, 2, 38), (0, 0, 38), (1, 3, 10)]
a2 :  [(2, 3, 20), (0, 0, 38), (2, 1, 41), (0, 4, 45), (3, 1, 55), (3, 3, 62)]
====================================================================================
a0 :  [(2, 1, 0), (2, 3, 0), (4, 3, 7), (4, 0, 7), (0, 0, 34), (0, 1, 34)]
a1 :  [(1, 2, 6), (3, 3, 15), (3, 2, 15), (0, 3, 34), (0, 0, 34), (1, 3, 6)]
a2 :  [(3, 4, 11), (2, 3, 16), (0, 0, 34), (3, 0, 36), (2, 2, 40), (3, 1, 51)]
====================================================================================
a0 :  [(2, 1, 1), (2, 3, 1), (4, 3, 8), (4, 0, 8), (0, 0, 35), (0, 1, 35)]
a1 :  [(1, 2, 7), (3, 3, 16), (3, 2, 16), (0, 3, 35), (0, 0, 35), (1, 3, 7)]
a2 :  [(3, 4, 12), (2, 3, 17), (0, 0, 35), (3, 0, 37), (2, 2, 41), (3, 1, 52)]
====================================================================================
a0 :  [(2, 1, 2), (2, 3, 2), (4, 3, 9), (4, 0, 9), (0, 0, 36), (0, 1, 36)]
a1 :  [(1, 2, 8), (3, 3, 17), (3, 2, 17), (0, 3, 36), (0, 0, 36), (1, 3, 8)]
a2 :  [(3, 4, 13), (2, 3, 18), (0, 0, 36), (3, 0, 38), (2, 2, 42), (3, 1, 53)]
====================================================================================
a0 :  [(2, 1, 3), (2, 3, 3), (4, 3, 10), (4, 0, 10), (0, 0, 37), (0, 1, 37)]
a1 :  [(1, 2, 9), (3, 3, 18), (3, 2, 18), (0, 3, 37), (0, 0, 37), (1, 3, 9)]
a2 :  [(3, 4, 14), (2, 3, 19), (0, 0, 37), (3, 0, 39), (2, 2, 43), (3, 1, 54)]
====================================================================================
a0 :  [(2, 1, 4), (2, 3, 4), (4, 3, 11), (4, 0, 11), (0, 0, 38), (0, 1, 38)]
a1 :  [(1, 2, 10), (3, 3, 19), (3, 2, 19), (0, 3, 38), (0, 0, 38), (1, 3, 10)]
a2 :  [(3, 4, 15), (2, 3, 20), (0, 0, 38), (3, 0, 40), (2, 2, 44), (3, 1, 55)]
====================================================================================
a0 :  [(2, 1, 0), (2, 4, 0), (0, 4, 43), (0, 0, 43), (3, 0, 15), (3, 1, 15)]
a1 :  [(1, 2, 6), (4, 1, 61), (4, 2, 61), (0, 0, 43), (0, 1, 43), (1, 4, 6)]
a2 :  [(4, 4, 8), (1, 3, 15), (2, 3, 16), (1, 1, 17), (2, 4, 36), (0, 0, 43)]
====================================================================================
a0 :  [(2, 1, 1), (2, 4, 1), (0, 4, 44), (0, 0, 44), (3, 0, 16), (3, 1, 16)]
a1 :  [(1, 2, 7), (4, 1, 62), (4, 2, 62), (0, 0, 44), (0, 1, 44), (1, 4, 7)]
a2 :  [(4, 4, 9), (1, 3, 16), (2, 3, 17), (1, 1, 18), (2, 4, 37), (0, 0, 44)]
====================================================================================
a0 :  [(2, 1, 2), (2, 4, 2), (0, 4, 45), (0, 0, 45), (3, 0, 17), (3, 1, 17)]
a1 :  [(1, 2, 8), (4, 1, 63), (4, 2, 63), (0, 0, 45), (0, 1, 45), (1, 4, 8)]
a2 :  [(4, 4, 10), (1, 3, 17), (2, 3, 18), (1, 1, 19), (2, 4, 38), (0, 0, 45)]
====================================================================================
a0 :  [(2, 1, 3), (2, 4, 3), (0, 4, 46), (0, 0, 46), (3, 0, 18), (3, 1, 18)]
a1 :  [(1, 2, 9), (4, 1, 0), (4, 2, 0), (0, 0, 46), (0, 1, 46), (1, 4, 9)]
a2 :  [(4, 4, 11), (1, 3, 18), (2, 3, 19), (1, 1, 20), (2, 4, 39), (0, 0, 46)]
====================================================================================
a0 :  [(2, 1, 4), (2, 4, 4), (0, 4, 47), (0, 0, 47), (3, 0, 19), (3, 1, 19)]
a1 :  [(1, 2, 10), (4, 1, 1), (4, 2, 1), (0, 0, 47), (0, 1, 47), (1, 4, 10)]
a2 :  [(4, 4, 12), (1, 3, 19), (2, 3, 20), (1, 1, 21), (2, 4, 40), (0, 0, 47)]
====================================================================================
a0 :  [(2, 2, 0), (2, 0, 0), (0, 0, 62), (0, 3, 62), (3, 3, 18), (3, 2, 18)]
a1 :  [(2, 0, 43), (0, 4, 62), (0, 0, 62), (3, 4, 39), (3, 0, 39), (2, 2, 43)]
a2 :  [(0, 1, 3), (4, 2, 16), (2, 0, 22), (4, 3, 31), (0, 4, 41), (0, 0, 62)]
====================================================================================
a0 :  [(2, 2, 1), (2, 0, 1), (0, 0, 63), (0, 3, 63), (3, 3, 19), (3, 2, 19)]
a1 :  [(2, 0, 44), (0, 4, 63), (0, 0, 63), (3, 4, 40), (3, 0, 40), (2, 2, 44)]
a2 :  [(0, 1, 4), (4, 2, 17), (2, 0, 23), (4, 3, 32), (0, 4, 42), (0, 0, 63)]
====================================================================================
a0 :  [(2, 2, 2), (2, 0, 2), (0, 0, 0), (0, 3, 0), (3, 3, 20), (3, 2, 20)]
a1 :  [(2, 0, 45), (0, 4, 0), (0, 0, 0), (3, 4, 41), (3, 0, 41), (2, 2, 45)]
a2 :  [(0, 0, 0), (0, 1, 5), (4, 2, 18), (2, 0, 24), (4, 3, 33), (0, 4, 43)]
====================================================================================
a0 :  [(2, 2, 3), (2, 0, 3), (0, 0, 1), (0, 3, 1), (3, 3, 21), (3, 2, 21)]
a1 :  [(2, 0, 46), (0, 4, 1), (0, 0, 1), (3, 4, 42), (3, 0, 42), (2, 2, 46)]
a2 :  [(0, 0, 1), (0, 1, 6), (4, 2, 19), (2, 0, 25), (4, 3, 34), (0, 4, 44)]
====================================================================================
a0 :  [(2, 2, 4), (2, 0, 4), (0, 0, 2), (0, 3, 2), (3, 3, 22), (3, 2, 22)]
a1 :  [(2, 0, 47), (0, 4, 2), (0, 0, 2), (3, 4, 43), (3, 0, 43), (2, 2, 47)]
a2 :  [(0, 0, 2), (0, 1, 7), (4, 2, 20), (2, 0, 26), (4, 3, 35), (0, 4, 45)]
====================================================================================
a0 :  [(2, 2, 0), (2, 1, 0), (0, 1, 34), (0, 0, 34), (1, 0, 33), (1, 2, 33)]
a1 :  [(2, 0, 43), (1, 2, 6), (1, 3, 6), (0, 0, 34), (0, 2, 34), (2, 3, 43)]
a2 :  [(2, 3, 16), (0, 0, 34), (2, 1, 37), (0, 4, 41), (3, 1, 51), (3, 3, 58)]
====================================================================================
a0 :  [(2, 2, 1), (2, 1, 1), (0, 1, 35), (0, 0, 35), (1, 0, 34), (1, 2, 34)]
a1 :  [(2, 0, 44), (1, 2, 7), (1, 3, 7), (0, 0, 35), (0, 2, 35), (2, 3, 44)]
a2 :  [(2, 3, 17), (0, 0, 35), (2, 1, 38), (0, 4, 42), (3, 1, 52), (3, 3, 59)]
====================================================================================
a0 :  [(2, 2, 2), (2, 1, 2), (0, 1, 36), (0, 0, 36), (1, 0, 35), (1, 2, 35)]
a1 :  [(2, 0, 45), (1, 2, 8), (1, 3, 8), (0, 0, 36), (0, 2, 36), (2, 3, 45)]
a2 :  [(2, 3, 18), (0, 0, 36), (2, 1, 39), (0, 4, 43), (3, 1, 53), (3, 3, 60)]
====================================================================================
a0 :  [(2, 2, 3), (2, 1, 3), (0, 1, 37), (0, 0, 37), (1, 0, 36), (1, 2, 36)]
a1 :  [(2, 0, 46), (1, 2, 9), (1, 3, 9), (0, 0, 37), (0, 2, 37), (2, 3, 46)]
a2 :  [(2, 3, 19), (0, 0, 37), (2, 1, 40), (0, 4, 44), (3, 1, 54), (3, 3, 61)]
====================================================================================
a0 :  [(2, 2, 4), (2, 1, 4), (0, 1, 38), (0, 0, 38), (1, 0, 37), (1, 2, 37)]
a1 :  [(2, 0, 47), (1, 2, 10), (1, 3, 10), (0, 0, 38), (0, 2, 38), (2, 3, 47)]
a2 :  [(2, 3, 20), (0, 0, 38), (2, 1, 41), (0, 4, 45), (3, 1, 55), (3, 3, 62)]
====================================================================================
a0 :  [(2, 2, 0), (2, 3, 0), (4, 3, 7), (4, 0, 7), (1, 0, 33), (1, 2, 33)]
a1 :  [(2, 0, 43), (3, 3, 15), (3, 2, 15), (0, 3, 34), (0, 2, 34), (2, 3, 43)]
a2 :  [(3, 4, 11), (3, 0, 36), (2, 1, 37), (2, 2, 40), (0, 4, 41), (3, 3, 58)]
====================================================================================
a0 :  [(2, 2, 1), (2, 3, 1), (4, 3, 8), (4, 0, 8), (1, 0, 34), (1, 2, 34)]
a1 :  [(2, 0, 44), (3, 3, 16), (3, 2, 16), (0, 3, 35), (0, 2, 35), (2, 3, 44)]
a2 :  [(3, 4, 12), (3, 0, 37), (2, 1, 38), (2, 2, 41), (0, 4, 42), (3, 3, 59)]
====================================================================================
a0 :  [(2, 2, 2), (2, 3, 2), (4, 3, 9), (4, 0, 9), (1, 0, 35), (1, 2, 35)]
a1 :  [(2, 0, 45), (3, 3, 17), (3, 2, 17), (0, 3, 36), (0, 2, 36), (2, 3, 45)]
a2 :  [(3, 4, 13), (3, 0, 38), (2, 1, 39), (2, 2, 42), (0, 4, 43), (3, 3, 60)]
====================================================================================
a0 :  [(2, 2, 3), (2, 3, 3), (4, 3, 10), (4, 0, 10), (1, 0, 36), (1, 2, 36)]
a1 :  [(2, 0, 46), (3, 3, 18), (3, 2, 18), (0, 3, 37), (0, 2, 37), (2, 3, 46)]
a2 :  [(3, 4, 14), (3, 0, 39), (2, 1, 40), (2, 2, 43), (0, 4, 44), (3, 3, 61)]
====================================================================================
a0 :  [(2, 2, 4), (2, 3, 4), (4, 3, 11), (4, 0, 11), (1, 0, 37), (1, 2, 37)]
a1 :  [(2, 0, 47), (3, 3, 19), (3, 2, 19), (0, 3, 38), (0, 2, 38), (2, 3, 47)]
a2 :  [(3, 4, 15), (3, 0, 40), (2, 1, 41), (2, 2, 44), (0, 4, 45), (3, 3, 62)]
====================================================================================
a0 :  [(2, 3, 0), (2, 1, 0), (0, 1, 34), (0, 0, 34), (4, 0, 7), (4, 3, 7)]
a1 :  [(3, 3, 15), (1, 2, 6), (1, 3, 6), (0, 0, 34), (0, 3, 34), (3, 2, 15)]
a2 :  [(3, 4, 11), (2, 3, 16), (0, 0, 34), (3, 0, 36), (2, 2, 40), (3, 1, 51)]
====================================================================================
a0 :  [(2, 3, 1), (2, 1, 1), (0, 1, 35), (0, 0, 35), (4, 0, 8), (4, 3, 8)]
a1 :  [(3, 3, 16), (1, 2, 7), (1, 3, 7), (0, 0, 35), (0, 3, 35), (3, 2, 16)]
a2 :  [(3, 4, 12), (2, 3, 17), (0, 0, 35), (3, 0, 37), (2, 2, 41), (3, 1, 52)]
====================================================================================
a0 :  [(2, 3, 2), (2, 1, 2), (0, 1, 36), (0, 0, 36), (4, 0, 9), (4, 3, 9)]
a1 :  [(3, 3, 17), (1, 2, 8), (1, 3, 8), (0, 0, 36), (0, 3, 36), (3, 2, 17)]
a2 :  [(3, 4, 13), (2, 3, 18), (0, 0, 36), (3, 0, 38), (2, 2, 42), (3, 1, 53)]
====================================================================================
a0 :  [(2, 3, 3), (2, 1, 3), (0, 1, 37), (0, 0, 37), (4, 0, 10), (4, 3, 10)]
a1 :  [(3, 3, 18), (1, 2, 9), (1, 3, 9), (0, 0, 37), (0, 3, 37), (3, 2, 18)]
a2 :  [(3, 4, 14), (2, 3, 19), (0, 0, 37), (3, 0, 39), (2, 2, 43), (3, 1, 54)]
====================================================================================
a0 :  [(2, 3, 4), (2, 1, 4), (0, 1, 38), (0, 0, 38), (4, 0, 11), (4, 3, 11)]
a1 :  [(3, 3, 19), (1, 2, 10), (1, 3, 10), (0, 0, 38), (0, 3, 38), (3, 2, 19)]
a2 :  [(3, 4, 15), (2, 3, 20), (0, 0, 38), (3, 0, 40), (2, 2, 44), (3, 1, 55)]
====================================================================================
a0 :  [(2, 3, 0), (2, 2, 0), (1, 2, 33), (1, 0, 33), (4, 0, 7), (4, 3, 7)]
a1 :  [(3, 3, 15), (2, 0, 43), (2, 3, 43), (0, 2, 34), (0, 3, 34), (3, 2, 15)]
a2 :  [(3, 4, 11), (3, 0, 36), (2, 1, 37), (2, 2, 40), (0, 4, 41), (3, 3, 58)]
====================================================================================
a0 :  [(2, 3, 1), (2, 2, 1), (1, 2, 34), (1, 0, 34), (4, 0, 8), (4, 3, 8)]
a1 :  [(3, 3, 16), (2, 0, 44), (2, 3, 44), (0, 2, 35), (0, 3, 35), (3, 2, 16)]
a2 :  [(3, 4, 12), (3, 0, 37), (2, 1, 38), (2, 2, 41), (0, 4, 42), (3, 3, 59)]
====================================================================================
a0 :  [(2, 3, 2), (2, 2, 2), (1, 2, 35), (1, 0, 35), (4, 0, 9), (4, 3, 9)]
a1 :  [(3, 3, 17), (2, 0, 45), (2, 3, 45), (0, 2, 36), (0, 3, 36), (3, 2, 17)]
a2 :  [(3, 4, 13), (3, 0, 38), (2, 1, 39), (2, 2, 42), (0, 4, 43), (3, 3, 60)]
====================================================================================
a0 :  [(2, 3, 3), (2, 2, 3), (1, 2, 36), (1, 0, 36), (4, 0, 10), (4, 3, 10)]
a1 :  [(3, 3, 18), (2, 0, 46), (2, 3, 46), (0, 2, 37), (0, 3, 37), (3, 2, 18)]
a2 :  [(3, 4, 14), (3, 0, 39), (2, 1, 40), (2, 2, 43), (0, 4, 44), (3, 3, 61)]
====================================================================================
a0 :  [(2, 3, 4), (2, 2, 4), (1, 2, 37), (1, 0, 37), (4, 0, 11), (4, 3, 11)]
a1 :  [(3, 3, 19), (2, 0, 47), (2, 3, 47), (0, 2, 38), (0, 3, 38), (3, 2, 19)]
a2 :  [(3, 4, 15), (3, 0, 40), (2, 1, 41), (2, 2, 44), (0, 4, 45), (3, 3, 62)]
====================================================================================
a0 :  [(2, 3, 0), (2, 4, 0), (0, 4, 43), (0, 2, 43), (4, 2, 7), (4, 3, 7)]
a1 :  [(3, 3, 15), (4, 1, 61), (4, 2, 61), (2, 1, 46), (2, 4, 46), (3, 2, 15)]
a2 :  [(1, 1, 17), (3, 0, 36), (2, 4, 36), (2, 2, 40), (4, 1, 43), (1, 2, 52)]
====================================================================================
a0 :  [(2, 3, 1), (2, 4, 1), (0, 4, 44), (0, 2, 44), (4, 2, 8), (4, 3, 8)]
a1 :  [(3, 3, 16), (4, 1, 62), (4, 2, 62), (2, 1, 47), (2, 4, 47), (3, 2, 16)]
a2 :  [(1, 1, 18), (3, 0, 37), (2, 4, 37), (2, 2, 41), (4, 1, 44), (1, 2, 53)]
====================================================================================
a0 :  [(2, 3, 2), (2, 4, 2), (0, 4, 45), (0, 2, 45), (4, 2, 9), (4, 3, 9)]
a1 :  [(3, 3, 17), (4, 1, 63), (4, 2, 63), (2, 1, 48), (2, 4, 48), (3, 2, 17)]
a2 :  [(1, 1, 19), (3, 0, 38), (2, 4, 38), (2, 2, 42), (4, 1, 45), (1, 2, 54)]
====================================================================================
a0 :  [(2, 3, 3), (2, 4, 3), (0, 4, 46), (0, 2, 46), (4, 2, 10), (4, 3, 10)]
a1 :  [(3, 3, 18), (4, 1, 0), (4, 2, 0), (2, 1, 49), (2, 4, 49), (3, 2, 18)]
a2 :  [(1, 1, 20), (3, 0, 39), (2, 4, 39), (2, 2, 43), (4, 1, 46), (1, 2, 55)]
====================================================================================
a0 :  [(2, 3, 4), (2, 4, 4), (0, 4, 47), (0, 2, 47), (4, 2, 11), (4, 3, 11)]
a1 :  [(3, 3, 19), (4, 1, 1), (4, 2, 1), (2, 1, 50), (2, 4, 50), (3, 2, 19)]
a2 :  [(1, 1, 21), (3, 0, 40), (2, 4, 40), (2, 2, 44), (4, 1, 47), (1, 2, 56)]
====================================================================================
a0 :  [(2, 4, 0), (2, 0, 0), (3, 0, 34), (3, 3, 34), (4, 3, 47), (4, 4, 47)]
a1 :  [(4, 1, 61), (0, 4, 62), (0, 1, 62), (3, 0, 55), (3, 2, 55), (4, 0, 61)]
a2 :  [(2, 2, 16), (4, 2, 16), (1, 1, 17), (0, 1, 19), (0, 3, 24), (1, 3, 34)]
====================================================================================
a0 :  [(2, 4, 1), (2, 0, 1), (3, 0, 35), (3, 3, 35), (4, 3, 48), (4, 4, 48)]
a1 :  [(4, 1, 62), (0, 4, 63), (0, 1, 63), (3, 0, 56), (3, 2, 56), (4, 0, 62)]
a2 :  [(2, 2, 17), (4, 2, 17), (1, 1, 18), (0, 1, 20), (0, 3, 25), (1, 3, 35)]
====================================================================================
a0 :  [(2, 4, 2), (2, 0, 2), (3, 0, 36), (3, 3, 36), (4, 3, 49), (4, 4, 49)]
a1 :  [(4, 1, 63), (0, 4, 0), (0, 1, 0), (3, 0, 57), (3, 2, 57), (4, 0, 63)]
a2 :  [(2, 2, 18), (4, 2, 18), (1, 1, 19), (0, 1, 21), (0, 3, 26), (1, 3, 36)]
====================================================================================
a0 :  [(2, 4, 3), (2, 0, 3), (3, 0, 37), (3, 3, 37), (4, 3, 50), (4, 4, 50)]
a1 :  [(4, 1, 0), (0, 4, 1), (0, 1, 1), (3, 0, 58), (3, 2, 58), (4, 0, 0)]
a2 :  [(2, 2, 19), (4, 2, 19), (1, 1, 20), (0, 1, 22), (0, 3, 27), (1, 3, 37)]
====================================================================================
a0 :  [(2, 4, 4), (2, 0, 4), (3, 0, 38), (3, 3, 38), (4, 3, 51), (4, 4, 51)]
a1 :  [(4, 1, 1), (0, 4, 2), (0, 1, 2), (3, 0, 59), (3, 2, 59), (4, 0, 1)]
a2 :  [(2, 2, 20), (4, 2, 20), (1, 1, 21), (0, 1, 23), (0, 3, 28), (1, 3, 38)]
====================================================================================
a0 :  [(2, 4, 0), (2, 1, 0), (3, 1, 15), (3, 0, 15), (0, 0, 43), (0, 4, 43)]
a1 :  [(4, 1, 61), (1, 2, 6), (1, 4, 6), (0, 1, 43), (0, 0, 43), (4, 2, 61)]
a2 :  [(4, 4, 8), (1, 3, 15), (2, 3, 16), (1, 1, 17), (2, 4, 36), (0, 0, 43)]
====================================================================================
a0 :  [(2, 4, 1), (2, 1, 1), (3, 1, 16), (3, 0, 16), (0, 0, 44), (0, 4, 44)]
a1 :  [(4, 1, 62), (1, 2, 7), (1, 4, 7), (0, 1, 44), (0, 0, 44), (4, 2, 62)]
a2 :  [(4, 4, 9), (1, 3, 16), (2, 3, 17), (1, 1, 18), (2, 4, 37), (0, 0, 44)]
====================================================================================
a0 :  [(2, 4, 2), (2, 1, 2), (3, 1, 17), (3, 0, 17), (0, 0, 45), (0, 4, 45)]
a1 :  [(4, 1, 63), (1, 2, 8), (1, 4, 8), (0, 1, 45), (0, 0, 45), (4, 2, 63)]
a2 :  [(4, 4, 10), (1, 3, 17), (2, 3, 18), (1, 1, 19), (2, 4, 38), (0, 0, 45)]
====================================================================================
a0 :  [(2, 4, 3), (2, 1, 3), (3, 1, 18), (3, 0, 18), (0, 0, 46), (0, 4, 46)]
a1 :  [(4, 1, 0), (1, 2, 9), (1, 4, 9), (0, 1, 46), (0, 0, 46), (4, 2, 0)]
a2 :  [(4, 4, 11), (1, 3, 18), (2, 3, 19), (1, 1, 20), (2, 4, 39), (0, 0, 46)]
====================================================================================
a0 :  [(2, 4, 4), (2, 1, 4), (3, 1, 19), (3, 0, 19), (0, 0, 47), (0, 4, 47)]
a1 :  [(4, 1, 1), (1, 2, 10), (1, 4, 10), (0, 1, 47), (0, 0, 47), (4, 2, 1)]
a2 :  [(4, 4, 12), (1, 3, 19), (2, 3, 20), (1, 1, 21), (2, 4, 40), (0, 0, 47)]
====================================================================================
a0 :  [(2, 4, 0), (2, 3, 0), (4, 3, 7), (4, 2, 7), (0, 2, 43), (0, 4, 43)]
a1 :  [(4, 1, 61), (3, 3, 15), (3, 2, 15), (2, 4, 46), (2, 1, 46), (4, 2, 61)]
a2 :  [(1, 1, 17), (3, 0, 36), (2, 4, 36), (2, 2, 40), (4, 1, 43), (1, 2, 52)]
====================================================================================
a0 :  [(2, 4, 1), (2, 3, 1), (4, 3, 8), (4, 2, 8), (0, 2, 44), (0, 4, 44)]
a1 :  [(4, 1, 62), (3, 3, 16), (3, 2, 16), (2, 4, 47), (2, 1, 47), (4, 2, 62)]
a2 :  [(1, 1, 18), (3, 0, 37), (2, 4, 37), (2, 2, 41), (4, 1, 44), (1, 2, 53)]
====================================================================================
a0 :  [(2, 4, 2), (2, 3, 2), (4, 3, 9), (4, 2, 9), (0, 2, 45), (0, 4, 45)]
a1 :  [(4, 1, 63), (3, 3, 17), (3, 2, 17), (2, 4, 48), (2, 1, 48), (4, 2, 63)]
a2 :  [(1, 1, 19), (3, 0, 38), (2, 4, 38), (2, 2, 42), (4, 1, 45), (1, 2, 54)]
====================================================================================
a0 :  [(2, 4, 3), (2, 3, 3), (4, 3, 10), (4, 2, 10), (0, 2, 46), (0, 4, 46)]
a1 :  [(4, 1, 0), (3, 3, 18), (3, 2, 18), (2, 4, 49), (2, 1, 49), (4, 2, 0)]
a2 :  [(1, 1, 20), (3, 0, 39), (2, 4, 39), (2, 2, 43), (4, 1, 46), (1, 2, 55)]
====================================================================================
a0 :  [(2, 4, 4), (2, 3, 4), (4, 3, 11), (4, 2, 11), (0, 2, 47), (0, 4, 47)]
a1 :  [(4, 1, 1), (3, 3, 19), (3, 2, 19), (2, 4, 50), (2, 1, 50), (4, 2, 1)]
a2 :  [(1, 1, 21), (3, 0, 40), (2, 4, 40), (2, 2, 44), (4, 1, 47), (1, 2, 56)]
====================================================================================
a0 :  [(3, 0, 0), (3, 1, 0), (2, 1, 49), (2, 4, 49), (0, 4, 28), (0, 0, 28)]
a1 :  [(0, 1, 28), (1, 4, 55), (1, 2, 55), (4, 1, 46), (4, 2, 46), (0, 0, 28)]
a2 :  [(1, 3, 0), (2, 3, 1), (1, 1, 2), (2, 4, 21), (0, 0, 28), (4, 4, 57)]
====================================================================================
a0 :  [(3, 0, 1), (3, 1, 1), (2, 1, 50), (2, 4, 50), (0, 4, 29), (0, 0, 29)]
a1 :  [(0, 1, 29), (1, 4, 56), (1, 2, 56), (4, 1, 47), (4, 2, 47), (0, 0, 29)]
a2 :  [(1, 3, 1), (2, 3, 2), (1, 1, 3), (2, 4, 22), (0, 0, 29), (4, 4, 58)]
====================================================================================
a0 :  [(3, 0, 2), (3, 1, 2), (2, 1, 51), (2, 4, 51), (0, 4, 30), (0, 0, 30)]
a1 :  [(0, 1, 30), (1, 4, 57), (1, 2, 57), (4, 1, 48), (4, 2, 48), (0, 0, 30)]
a2 :  [(1, 3, 2), (2, 3, 3), (1, 1, 4), (2, 4, 23), (0, 0, 30), (4, 4, 59)]
====================================================================================
a0 :  [(3, 0, 3), (3, 1, 3), (2, 1, 52), (2, 4, 52), (0, 4, 31), (0, 0, 31)]
a1 :  [(0, 1, 31), (1, 4, 58), (1, 2, 58), (4, 1, 49), (4, 2, 49), (0, 0, 31)]
a2 :  [(1, 3, 3), (2, 3, 4), (1, 1, 5), (2, 4, 24), (0, 0, 31), (4, 4, 60)]
====================================================================================
a0 :  [(3, 0, 4), (3, 1, 4), (2, 1, 53), (2, 4, 53), (0, 4, 32), (0, 0, 32)]
a1 :  [(0, 1, 32), (1, 4, 59), (1, 2, 59), (4, 1, 50), (4, 2, 50), (0, 0, 32)]
a2 :  [(1, 3, 4), (2, 3, 5), (1, 1, 6), (2, 4, 25), (0, 0, 32), (4, 4, 61)]
====================================================================================
a0 :  [(3, 0, 0), (3, 3, 0), (4, 3, 13), (4, 4, 13), (2, 4, 30), (2, 0, 30)]
a1 :  [(0, 1, 28), (3, 0, 21), (3, 2, 21), (4, 0, 27), (4, 1, 27), (0, 4, 28)]
a2 :  [(1, 3, 0), (2, 2, 46), (4, 2, 46), (1, 1, 47), (0, 1, 49), (0, 3, 54)]
====================================================================================
a0 :  [(3, 0, 1), (3, 3, 1), (4, 3, 14), (4, 4, 14), (2, 4, 31), (2, 0, 31)]
a1 :  [(0, 1, 29), (3, 0, 22), (3, 2, 22), (4, 0, 28), (4, 1, 28), (0, 4, 29)]
a2 :  [(1, 3, 1), (2, 2, 47), (4, 2, 47), (1, 1, 48), (0, 1, 50), (0, 3, 55)]
====================================================================================
a0 :  [(3, 0, 2), (3, 3, 2), (4, 3, 15), (4, 4, 15), (2, 4, 32), (2, 0, 32)]
a1 :  [(0, 1, 30), (3, 0, 23), (3, 2, 23), (4, 0, 29), (4, 1, 29), (0, 4, 30)]
a2 :  [(1, 3, 2), (2, 2, 48), (4, 2, 48), (1, 1, 49), (0, 1, 51), (0, 3, 56)]
====================================================================================
a0 :  [(3, 0, 3), (3, 3, 3), (4, 3, 16), (4, 4, 16), (2, 4, 33), (2, 0, 33)]
a1 :  [(0, 1, 31), (3, 0, 24), (3, 2, 24), (4, 0, 30), (4, 1, 30), (0, 4, 31)]
a2 :  [(1, 3, 3), (2, 2, 49), (4, 2, 49), (1, 1, 50), (0, 1, 52), (0, 3, 57)]
====================================================================================
a0 :  [(3, 0, 4), (3, 3, 4), (4, 3, 17), (4, 4, 17), (2, 4, 34), (2, 0, 34)]
a1 :  [(0, 1, 32), (3, 0, 25), (3, 2, 25), (4, 0, 31), (4, 1, 31), (0, 4, 32)]
a2 :  [(1, 3, 4), (2, 2, 50), (4, 2, 50), (1, 1, 51), (0, 1, 53), (0, 3, 58)]
====================================================================================
a0 :  [(3, 1, 0), (3, 0, 0), (0, 0, 28), (0, 4, 28), (2, 4, 49), (2, 1, 49)]
a1 :  [(1, 4, 55), (0, 1, 28), (0, 0, 28), (4, 2, 46), (4, 1, 46), (1, 2, 55)]
a2 :  [(1, 3, 0), (2, 3, 1), (1, 1, 2), (2, 4, 21), (0, 0, 28), (4, 4, 57)]
====================================================================================
a0 :  [(3, 1, 1), (3, 0, 1), (0, 0, 29), (0, 4, 29), (2, 4, 50), (2, 1, 50)]
a1 :  [(1, 4, 56), (0, 1, 29), (0, 0, 29), (4, 2, 47), (4, 1, 47), (1, 2, 56)]
a2 :  [(1, 3, 1), (2, 3, 2), (1, 1, 3), (2, 4, 22), (0, 0, 29), (4, 4, 58)]
====================================================================================
a0 :  [(3, 1, 2), (3, 0, 2), (0, 0, 30), (0, 4, 30), (2, 4, 51), (2, 1, 51)]
a1 :  [(1, 4, 57), (0, 1, 30), (0, 0, 30), (4, 2, 48), (4, 1, 48), (1, 2, 57)]
a2 :  [(1, 3, 2), (2, 3, 3), (1, 1, 4), (2, 4, 23), (0, 0, 30), (4, 4, 59)]
====================================================================================
a0 :  [(3, 1, 3), (3, 0, 3), (0, 0, 31), (0, 4, 31), (2, 4, 52), (2, 1, 52)]
a1 :  [(1, 4, 58), (0, 1, 31), (0, 0, 31), (4, 2, 49), (4, 1, 49), (1, 2, 58)]
a2 :  [(1, 3, 3), (2, 3, 4), (1, 1, 5), (2, 4, 24), (0, 0, 31), (4, 4, 60)]
====================================================================================
a0 :  [(3, 1, 4), (3, 0, 4), (0, 0, 32), (0, 4, 32), (2, 4, 53), (2, 1, 53)]
a1 :  [(1, 4, 59), (0, 1, 32), (0, 0, 32), (4, 2, 50), (4, 1, 50), (1, 2, 59)]
a2 :  [(1, 3, 4), (2, 3, 5), (1, 1, 6), (2, 4, 25), (0, 0, 32), (4, 4, 61)]
====================================================================================
a0 :  [(3, 1, 0), (3, 2, 0), (1, 2, 15), (1, 3, 15), (0, 3, 19), (0, 1, 19)]
a1 :  [(1, 4, 55), (2, 2, 25), (2, 3, 25), (3, 1, 60), (3, 4, 60), (1, 3, 55)]
a2 :  [(2, 0, 4), (3, 1, 36), (3, 3, 40), (1, 4, 51), (4, 3, 52), (4, 4, 57)]
====================================================================================
a0 :  [(3, 1, 1), (3, 2, 1), (1, 2, 16), (1, 3, 16), (0, 3, 20), (0, 1, 20)]
a1 :  [(1, 4, 56), (2, 2, 26), (2, 3, 26), (3, 1, 61), (3, 4, 61), (1, 3, 56)]
a2 :  [(2, 0, 5), (3, 1, 37), (3, 3, 41), (1, 4, 52), (4, 3, 53), (4, 4, 58)]
====================================================================================
a0 :  [(3, 1, 2), (3, 2, 2), (1, 2, 17), (1, 3, 17), (0, 3, 21), (0, 1, 21)]
a1 :  [(1, 4, 57), (2, 2, 27), (2, 3, 27), (3, 1, 62), (3, 4, 62), (1, 3, 57)]
a2 :  [(2, 0, 6), (3, 1, 38), (3, 3, 42), (1, 4, 53), (4, 3, 54), (4, 4, 59)]
====================================================================================
a0 :  [(3, 1, 3), (3, 2, 3), (1, 2, 18), (1, 3, 18), (0, 3, 22), (0, 1, 22)]
a1 :  [(1, 4, 58), (2, 2, 28), (2, 3, 28), (3, 1, 63), (3, 4, 63), (1, 3, 58)]
a2 :  [(2, 0, 7), (3, 1, 39), (3, 3, 43), (1, 4, 54), (4, 3, 55), (4, 4, 60)]
====================================================================================
a0 :  [(3, 1, 4), (3, 2, 4), (1, 2, 19), (1, 3, 19), (0, 3, 23), (0, 1, 23)]
a1 :  [(1, 4, 59), (2, 2, 29), (2, 3, 29), (3, 1, 0), (3, 4, 0), (1, 3, 59)]
a2 :  [(2, 0, 8), (3, 1, 40), (3, 3, 44), (1, 4, 55), (4, 3, 56), (4, 4, 61)]
====================================================================================
a0 :  [(3, 2, 0), (3, 1, 0), (0, 1, 19), (0, 3, 19), (1, 3, 15), (1, 2, 15)]
a1 :  [(2, 2, 25), (1, 4, 55), (1, 3, 55), (3, 4, 60), (3, 1, 60), (2, 3, 25)]
a2 :  [(2, 0, 4), (3, 1, 36), (3, 3, 40), (1, 4, 51), (4, 3, 52), (4, 4, 57)]
====================================================================================
a0 :  [(3, 2, 1), (3, 1, 1), (0, 1, 20), (0, 3, 20), (1, 3, 16), (1, 2, 16)]
a1 :  [(2, 2, 26), (1, 4, 56), (1, 3, 56), (3, 4, 61), (3, 1, 61), (2, 3, 26)]
a2 :  [(2, 0, 5), (3, 1, 37), (3, 3, 41), (1, 4, 52), (4, 3, 53), (4, 4, 58)]
====================================================================================
a0 :  [(3, 2, 2), (3, 1, 2), (0, 1, 21), (0, 3, 21), (1, 3, 17), (1, 2, 17)]
a1 :  [(2, 2, 27), (1, 4, 57), (1, 3, 57), (3, 4, 62), (3, 1, 62), (2, 3, 27)]
a2 :  [(2, 0, 6), (3, 1, 38), (3, 3, 42), (1, 4, 53), (4, 3, 54), (4, 4, 59)]
====================================================================================
a0 :  [(3, 2, 3), (3, 1, 3), (0, 1, 22), (0, 3, 22), (1, 3, 18), (1, 2, 18)]
a1 :  [(2, 2, 28), (1, 4, 58), (1, 3, 58), (3, 4, 63), (3, 1, 63), (2, 3, 28)]
a2 :  [(2, 0, 7), (3, 1, 39), (3, 3, 43), (1, 4, 54), (4, 3, 55), (4, 4, 60)]
====================================================================================
a0 :  [(3, 2, 4), (3, 1, 4), (0, 1, 23), (0, 3, 23), (1, 3, 19), (1, 2, 19)]
a1 :  [(2, 2, 29), (1, 4, 59), (1, 3, 59), (3, 4, 0), (3, 1, 0), (2, 3, 29)]
a2 :  [(2, 0, 8), (3, 1, 40), (3, 3, 44), (1, 4, 55), (4, 3, 56), (4, 4, 61)]
====================================================================================
a0 :  [(3, 2, 0), (3, 3, 0), (0, 3, 44), (0, 0, 44), (2, 0, 46), (2, 2, 46)]
a1 :  [(2, 2, 25), (3, 0, 21), (3, 4, 21), (0, 0, 44), (0, 4, 44), (2, 0, 25)]
a2 :  [(2, 0, 4), (4, 3, 13), (0, 4, 23), (0, 0, 44), (0, 1, 49), (4, 2, 62)]
====================================================================================
a0 :  [(3, 2, 1), (3, 3, 1), (0, 3, 45), (0, 0, 45), (2, 0, 47), (2, 2, 47)]
a1 :  [(2, 2, 26), (3, 0, 22), (3, 4, 22), (0, 0, 45), (0, 4, 45), (2, 0, 26)]
a2 :  [(2, 0, 5), (4, 3, 14), (0, 4, 24), (0, 0, 45), (0, 1, 50), (4, 2, 63)]
====================================================================================
a0 :  [(3, 2, 2), (3, 3, 2), (0, 3, 46), (0, 0, 46), (2, 0, 48), (2, 2, 48)]
a1 :  [(2, 2, 27), (3, 0, 23), (3, 4, 23), (0, 0, 46), (0, 4, 46), (2, 0, 27)]
a2 :  [(4, 2, 0), (2, 0, 6), (4, 3, 15), (0, 4, 25), (0, 0, 46), (0, 1, 51)]
====================================================================================
a0 :  [(3, 2, 3), (3, 3, 3), (0, 3, 47), (0, 0, 47), (2, 0, 49), (2, 2, 49)]
a1 :  [(2, 2, 28), (3, 0, 24), (3, 4, 24), (0, 0, 47), (0, 4, 47), (2, 0, 28)]
a2 :  [(4, 2, 1), (2, 0, 7), (4, 3, 16), (0, 4, 26), (0, 0, 47), (0, 1, 52)]
====================================================================================
a0 :  [(3, 2, 4), (3, 3, 4), (0, 3, 48), (0, 0, 48), (2, 0, 50), (2, 2, 50)]
a1 :  [(2, 2, 29), (3, 0, 25), (3, 4, 25), (0, 0, 48), (0, 4, 48), (2, 0, 29)]
a2 :  [(4, 2, 2), (2, 0, 8), (4, 3, 17), (0, 4, 27), (0, 0, 48), (0, 1, 53)]
====================================================================================
a0 :  [(3, 3, 0), (3, 0, 0), (2, 0, 30), (2, 4, 30), (4, 4, 13), (4, 3, 13)]
a1 :  [(3, 0, 21), (0, 1, 28), (0, 4, 28), (4, 1, 27), (4, 0, 27), (3, 2, 21)]
a2 :  [(1, 3, 0), (2, 2, 46), (4, 2, 46), (1, 1, 47), (0, 1, 49), (0, 3, 54)]
====================================================================================
a0 :  [(3, 3, 1), (3, 0, 1), (2, 0, 31), (2, 4, 31), (4, 4, 14), (4, 3, 14)]
a1 :  [(3, 0, 22), (0, 1, 29), (0, 4, 29), (4, 1, 28), (4, 0, 28), (3, 2, 22)]
a2 :  [(1, 3, 1), (2, 2, 47), (4, 2, 47), (1, 1, 48), (0, 1, 50), (0, 3, 55)]
====================================================================================
a0 :  [(3, 3, 2), (3, 0, 2), (2, 0, 32), (2, 4, 32), (4, 4, 15), (4, 3, 15)]
a1 :  [(3, 0, 23), (0, 1, 30), (0, 4, 30), (4, 1, 29), (4, 0, 29), (3, 2, 23)]
a2 :  [(1, 3, 2), (2, 2, 48), (4, 2, 48), (1, 1, 49), (0, 1, 51), (0, 3, 56)]
====================================================================================
a0 :  [(3, 3, 3), (3, 0, 3), (2, 0, 33), (2, 4, 33), (4, 4, 16), (4, 3, 16)]
a1 :  [(3, 0, 24), (0, 1, 31), (0, 4, 31), (4, 1, 30), (4, 0, 30), (3, 2, 24)]
a2 :  [(1, 3, 3), (2, 2, 49), (4, 2, 49), (1, 1, 50), (0, 1, 52), (0, 3, 57)]
====================================================================================
a0 :  [(3, 3, 4), (3, 0, 4), (2, 0, 34), (2, 4, 34), (4, 4, 17), (4, 3, 17)]
a1 :  [(3, 0, 25), (0, 1, 32), (0, 4, 32), (4, 1, 31), (4, 0, 31), (3, 2, 25)]
a2 :  [(1, 3, 4), (2, 2, 50), (4, 2, 50), (1, 1, 51), (0, 1, 53), (0, 3, 58)]
====================================================================================
a0 :  [(3, 3, 0), (3, 2, 0), (2, 2, 46), (2, 0, 46), (0, 0, 44), (0, 3, 44)]
a1 :  [(3, 0, 21), (2, 2, 25), (2, 0, 25), (0, 4, 44), (0, 0, 44), (3, 4, 21)]
a2 :  [(2, 0, 4), (4, 3, 13), (0, 4, 23), (0, 0, 44), (0, 1, 49), (4, 2, 62)]
====================================================================================
a0 :  [(3, 3, 1), (3, 2, 1), (2, 2, 47), (2, 0, 47), (0, 0, 45), (0, 3, 45)]
a1 :  [(3, 0, 22), (2, 2, 26), (2, 0, 26), (0, 4, 45), (0, 0, 45), (3, 4, 22)]
a2 :  [(2, 0, 5), (4, 3, 14), (0, 4, 24), (0, 0, 45), (0, 1, 50), (4, 2, 63)]
====================================================================================
a0 :  [(3, 3, 2), (3, 2, 2), (2, 2, 48), (2, 0, 48), (0, 0, 46), (0, 3, 46)]
a1 :  [(3, 0, 23), (2, 2, 27), (2, 0, 27), (0, 4, 46), (0, 0, 46), (3, 4, 23)]
a2 :  [(4, 2, 0), (2, 0, 6), (4, 3, 15), (0, 4, 25), (0, 0, 46), (0, 1, 51)]
====================================================================================
a0 :  [(3, 3, 3), (3, 2, 3), (2, 2, 49), (2, 0, 49), (0, 0, 47), (0, 3, 47)]
a1 :  [(3, 0, 24), (2, 2, 28), (2, 0, 28), (0, 4, 47), (0, 0, 47), (3, 4, 24)]
a2 :  [(4, 2, 1), (2, 0, 7), (4, 3, 16), (0, 4, 26), (0, 0, 47), (0, 1, 52)]
====================================================================================
a0 :  [(3, 3, 4), (3, 2, 4), (2, 2, 50), (2, 0, 50), (0, 0, 48), (0, 3, 48)]
a1 :  [(3, 0, 25), (2, 2, 29), (2, 0, 29), (0, 4, 48), (0, 0, 48), (3, 4, 25)]
a2 :  [(4, 2, 2), (2, 0, 8), (4, 3, 17), (0, 4, 27), (0, 0, 48), (0, 1, 53)]
====================================================================================
a0 :  [(4, 0, 0), (4, 3, 0), (2, 3, 57), (2, 1, 57), (0, 1, 27), (0, 0, 27)]
a1 :  [(0, 3, 27), (3, 2, 8), (3, 3, 8), (1, 2, 63), (1, 3, 63), (0, 0, 27)]
a2 :  [(3, 4, 4), (2, 3, 9), (0, 0, 27), (3, 0, 29), (2, 2, 33), (3, 1, 44)]
====================================================================================
a0 :  [(4, 0, 1), (4, 3, 1), (2, 3, 58), (2, 1, 58), (0, 1, 28), (0, 0, 28)]
a1 :  [(0, 3, 28), (3, 2, 9), (3, 3, 9), (1, 2, 0), (1, 3, 0), (0, 0, 28)]
a2 :  [(3, 4, 5), (2, 3, 10), (0, 0, 28), (3, 0, 30), (2, 2, 34), (3, 1, 45)]
====================================================================================
a0 :  [(4, 0, 2), (4, 3, 2), (2, 3, 59), (2, 1, 59), (0, 1, 29), (0, 0, 29)]
a1 :  [(0, 3, 29), (3, 2, 10), (3, 3, 10), (1, 2, 1), (1, 3, 1), (0, 0, 29)]
a2 :  [(3, 4, 6), (2, 3, 11), (0, 0, 29), (3, 0, 31), (2, 2, 35), (3, 1, 46)]
====================================================================================
a0 :  [(4, 0, 3), (4, 3, 3), (2, 3, 60), (2, 1, 60), (0, 1, 30), (0, 0, 30)]
a1 :  [(0, 3, 30), (3, 2, 11), (3, 3, 11), (1, 2, 2), (1, 3, 2), (0, 0, 30)]
a2 :  [(3, 4, 7), (2, 3, 12), (0, 0, 30), (3, 0, 32), (2, 2, 36), (3, 1, 47)]
====================================================================================
a0 :  [(4, 0, 4), (4, 3, 4), (2, 3, 61), (2, 1, 61), (0, 1, 31), (0, 0, 31)]
a1 :  [(0, 3, 31), (3, 2, 12), (3, 3, 12), (1, 2, 3), (1, 3, 3), (0, 0, 31)]
a2 :  [(3, 4, 8), (2, 3, 13), (0, 0, 31), (3, 0, 33), (2, 2, 37), (3, 1, 48)]
====================================================================================
a0 :  [(4, 0, 0), (4, 3, 0), (2, 3, 57), (2, 2, 57), (1, 2, 26), (1, 0, 26)]
a1 :  [(0, 3, 27), (3, 2, 8), (3, 3, 8), (2, 0, 36), (2, 3, 36), (0, 2, 27)]
a2 :  [(3, 4, 4), (3, 0, 29), (2, 1, 30), (2, 2, 33), (0, 4, 34), (3, 3, 51)]
====================================================================================
a0 :  [(4, 0, 1), (4, 3, 1), (2, 3, 58), (2, 2, 58), (1, 2, 27), (1, 0, 27)]
a1 :  [(0, 3, 28), (3, 2, 9), (3, 3, 9), (2, 0, 37), (2, 3, 37), (0, 2, 28)]
a2 :  [(3, 4, 5), (3, 0, 30), (2, 1, 31), (2, 2, 34), (0, 4, 35), (3, 3, 52)]
====================================================================================
a0 :  [(4, 0, 2), (4, 3, 2), (2, 3, 59), (2, 2, 59), (1, 2, 28), (1, 0, 28)]
a1 :  [(0, 3, 29), (3, 2, 10), (3, 3, 10), (2, 0, 38), (2, 3, 38), (0, 2, 29)]
a2 :  [(3, 4, 6), (3, 0, 31), (2, 1, 32), (2, 2, 35), (0, 4, 36), (3, 3, 53)]
====================================================================================
a0 :  [(4, 0, 3), (4, 3, 3), (2, 3, 60), (2, 2, 60), (1, 2, 29), (1, 0, 29)]
a1 :  [(0, 3, 30), (3, 2, 11), (3, 3, 11), (2, 0, 39), (2, 3, 39), (0, 2, 30)]
a2 :  [(3, 4, 7), (3, 0, 32), (2, 1, 33), (2, 2, 36), (0, 4, 37), (3, 3, 54)]
====================================================================================
a0 :  [(4, 0, 4), (4, 3, 4), (2, 3, 61), (2, 2, 61), (1, 2, 30), (1, 0, 30)]
a1 :  [(0, 3, 31), (3, 2, 12), (3, 3, 12), (2, 0, 40), (2, 3, 40), (0, 2, 31)]
a2 :  [(3, 4, 8), (3, 0, 33), (2, 1, 34), (2, 2, 37), (0, 4, 38), (3, 3, 55)]
====================================================================================
a0 :  [(4, 2, 0), (4, 3, 0), (2, 3, 57), (2, 4, 57), (0, 4, 36), (0, 2, 36)]
a1 :  [(2, 4, 39), (3, 2, 8), (3, 3, 8), (4, 1, 54), (4, 2, 54), (2, 1, 39)]
a2 :  [(1, 1, 10), (3, 0, 29), (2, 4, 29), (2, 2, 33), (4, 1, 36), (1, 2, 45)]
====================================================================================
a0 :  [(4, 2, 1), (4, 3, 1), (2, 3, 58), (2, 4, 58), (0, 4, 37), (0, 2, 37)]
a1 :  [(2, 4, 40), (3, 2, 9), (3, 3, 9), (4, 1, 55), (4, 2, 55), (2, 1, 40)]
a2 :  [(1, 1, 11), (3, 0, 30), (2, 4, 30), (2, 2, 34), (4, 1, 37), (1, 2, 46)]
====================================================================================
a0 :  [(4, 2, 2), (4, 3, 2), (2, 3, 59), (2, 4, 59), (0, 4, 38), (0, 2, 38)]
a1 :  [(2, 4, 41), (3, 2, 10), (3, 3, 10), (4, 1, 56), (4, 2, 56), (2, 1, 41)]
a2 :  [(1, 1, 12), (3, 0, 31), (2, 4, 31), (2, 2, 35), (4, 1, 38), (1, 2, 47)]
====================================================================================
a0 :  [(4, 2, 3), (4, 3, 3), (2, 3, 60), (2, 4, 60), (0, 4, 39), (0, 2, 39)]
a1 :  [(2, 4, 42), (3, 2, 11), (3, 3, 11), (4, 1, 57), (4, 2, 57), (2, 1, 42)]
a2 :  [(1, 1, 13), (3, 0, 32), (2, 4, 32), (2, 2, 36), (4, 1, 39), (1, 2, 48)]
====================================================================================
a0 :  [(4, 2, 4), (4, 3, 4), (2, 3, 61), (2, 4, 61), (0, 4, 40), (0, 2, 40)]
a1 :  [(2, 4, 43), (3, 2, 12), (3, 3, 12), (4, 1, 58), (4, 2, 58), (2, 1, 43)]
a2 :  [(1, 1, 14), (3, 0, 33), (2, 4, 33), (2, 2, 37), (4, 1, 40), (1, 2, 49)]
====================================================================================
a0 :  [(4, 3, 0), (4, 0, 0), (0, 0, 27), (0, 1, 27), (2, 1, 57), (2, 3, 57)]
a1 :  [(3, 2, 8), (0, 3, 27), (0, 0, 27), (1, 3, 63), (1, 2, 63), (3, 3, 8)]
a2 :  [(3, 4, 4), (2, 3, 9), (0, 0, 27), (3, 0, 29), (2, 2, 33), (3, 1, 44)]
====================================================================================
a0 :  [(4, 3, 1), (4, 0, 1), (0, 0, 28), (0, 1, 28), (2, 1, 58), (2, 3, 58)]
a1 :  [(3, 2, 9), (0, 3, 28), (0, 0, 28), (1, 3, 0), (1, 2, 0), (3, 3, 9)]
a2 :  [(3, 4, 5), (2, 3, 10), (0, 0, 28), (3, 0, 30), (2, 2, 34), (3, 1, 45)]
====================================================================================
a0 :  [(4, 3, 2), (4, 0, 2), (0, 0, 29), (0, 1, 29), (2, 1, 59), (2, 3, 59)]
a1 :  [(3, 2, 10), (0, 3, 29), (0, 0, 29), (1, 3, 1), (1, 2, 1), (3, 3, 10)]
a2 :  [(3, 4, 6), (2, 3, 11), (0, 0, 29), (3, 0, 31), (2, 2, 35), (3, 1, 46)]
====================================================================================
a0 :  [(4, 3, 3), (4, 0, 3), (0, 0, 30), (0, 1, 30), (2, 1, 60), (2, 3, 60)]
a1 :  [(3, 2, 11), (0, 3, 30), (0, 0, 30), (1, 3, 2), (1, 2, 2), (3, 3, 11)]
a2 :  [(3, 4, 7), (2, 3, 12), (0, 0, 30), (3, 0, 32), (2, 2, 36), (3, 1, 47)]
====================================================================================
a0 :  [(4, 3, 4), (4, 0, 4), (0, 0, 31), (0, 1, 31), (2, 1, 61), (2, 3, 61)]
a1 :  [(3, 2, 12), (0, 3, 31), (0, 0, 31), (1, 3, 3), (1, 2, 3), (3, 3, 12)]
a2 :  [(3, 4, 8), (2, 3, 13), (0, 0, 31), (3, 0, 33), (2, 2, 37), (3, 1, 48)]
====================================================================================
a0 :  [(4, 3, 0), (4, 0, 0), (1, 0, 26), (1, 2, 26), (2, 2, 57), (2, 3, 57)]
a1 :  [(3, 2, 8), (0, 3, 27), (0, 2, 27), (2, 3, 36), (2, 0, 36), (3, 3, 8)]
a2 :  [(3, 4, 4), (3, 0, 29), (2, 1, 30), (2, 2, 33), (0, 4, 34), (3, 3, 51)]
====================================================================================
a0 :  [(4, 3, 1), (4, 0, 1), (1, 0, 27), (1, 2, 27), (2, 2, 58), (2, 3, 58)]
a1 :  [(3, 2, 9), (0, 3, 28), (0, 2, 28), (2, 3, 37), (2, 0, 37), (3, 3, 9)]
a2 :  [(3, 4, 5), (3, 0, 30), (2, 1, 31), (2, 2, 34), (0, 4, 35), (3, 3, 52)]
====================================================================================
a0 :  [(4, 3, 2), (4, 0, 2), (1, 0, 28), (1, 2, 28), (2, 2, 59), (2, 3, 59)]
a1 :  [(3, 2, 10), (0, 3, 29), (0, 2, 29), (2, 3, 38), (2, 0, 38), (3, 3, 10)]
a2 :  [(3, 4, 6), (3, 0, 31), (2, 1, 32), (2, 2, 35), (0, 4, 36), (3, 3, 53)]
====================================================================================
a0 :  [(4, 3, 3), (4, 0, 3), (1, 0, 29), (1, 2, 29), (2, 2, 60), (2, 3, 60)]
a1 :  [(3, 2, 11), (0, 3, 30), (0, 2, 30), (2, 3, 39), (2, 0, 39), (3, 3, 11)]
a2 :  [(3, 4, 7), (3, 0, 32), (2, 1, 33), (2, 2, 36), (0, 4, 37), (3, 3, 54)]
====================================================================================
a0 :  [(4, 3, 4), (4, 0, 4), (1, 0, 30), (1, 2, 30), (2, 2, 61), (2, 3, 61)]
a1 :  [(3, 2, 12), (0, 3, 31), (0, 2, 31), (2, 3, 40), (2, 0, 40), (3, 3, 12)]
a2 :  [(3, 4, 8), (3, 0, 33), (2, 1, 34), (2, 2, 37), (0, 4, 38), (3, 3, 55)]
====================================================================================
a0 :  [(4, 3, 0), (4, 2, 0), (0, 2, 36), (0, 4, 36), (2, 4, 57), (2, 3, 57)]
a1 :  [(3, 2, 8), (2, 4, 39), (2, 1, 39), (4, 2, 54), (4, 1, 54), (3, 3, 8)]
a2 :  [(1, 1, 10), (3, 0, 29), (2, 4, 29), (2, 2, 33), (4, 1, 36), (1, 2, 45)]
====================================================================================
a0 :  [(4, 3, 1), (4, 2, 1), (0, 2, 37), (0, 4, 37), (2, 4, 58), (2, 3, 58)]
a1 :  [(3, 2, 9), (2, 4, 40), (2, 1, 40), (4, 2, 55), (4, 1, 55), (3, 3, 9)]
a2 :  [(1, 1, 11), (3, 0, 30), (2, 4, 30), (2, 2, 34), (4, 1, 37), (1, 2, 46)]
====================================================================================
a0 :  [(4, 3, 2), (4, 2, 2), (0, 2, 38), (0, 4, 38), (2, 4, 59), (2, 3, 59)]
a1 :  [(3, 2, 10), (2, 4, 41), (2, 1, 41), (4, 2, 56), (4, 1, 56), (3, 3, 10)]
a2 :  [(1, 1, 12), (3, 0, 31), (2, 4, 31), (2, 2, 35), (4, 1, 38), (1, 2, 47)]
====================================================================================
a0 :  [(4, 3, 3), (4, 2, 3), (0, 2, 39), (0, 4, 39), (2, 4, 60), (2, 3, 60)]
a1 :  [(3, 2, 11), (2, 4, 42), (2, 1, 42), (4, 2, 57), (4, 1, 57), (3, 3, 11)]
a2 :  [(1, 1, 13), (3, 0, 32), (2, 4, 32), (2, 2, 36), (4, 1, 39), (1, 2, 48)]
====================================================================================
a0 :  [(4, 3, 4), (4, 2, 4), (0, 2, 40), (0, 4, 40), (2, 4, 61), (2, 3, 61)]
a1 :  [(3, 2, 12), (2, 4, 43), (2, 1, 43), (4, 2, 58), (4, 1, 58), (3, 3, 12)]
a2 :  [(1, 1, 14), (3, 0, 33), (2, 4, 33), (2, 2, 37), (4, 1, 40), (1, 2, 49)]
====================================================================================
a0 :  [(4, 3, 0), (4, 4, 0), (2, 4, 17), (2, 0, 17), (3, 0, 51), (3, 3, 51)]
a1 :  [(3, 2, 8), (4, 0, 14), (4, 1, 14), (0, 4, 15), (0, 1, 15), (3, 0, 8)]
a2 :  [(2, 2, 33), (4, 2, 33), (1, 1, 34), (0, 1, 36), (0, 3, 41), (1, 3, 51)]
====================================================================================
a0 :  [(4, 3, 1), (4, 4, 1), (2, 4, 18), (2, 0, 18), (3, 0, 52), (3, 3, 52)]
a1 :  [(3, 2, 9), (4, 0, 15), (4, 1, 15), (0, 4, 16), (0, 1, 16), (3, 0, 9)]
a2 :  [(2, 2, 34), (4, 2, 34), (1, 1, 35), (0, 1, 37), (0, 3, 42), (1, 3, 52)]
====================================================================================
a0 :  [(4, 3, 2), (4, 4, 2), (2, 4, 19), (2, 0, 19), (3, 0, 53), (3, 3, 53)]
a1 :  [(3, 2, 10), (4, 0, 16), (4, 1, 16), (0, 4, 17), (0, 1, 17), (3, 0, 10)]
a2 :  [(2, 2, 35), (4, 2, 35), (1, 1, 36), (0, 1, 38), (0, 3, 43), (1, 3, 53)]
====================================================================================
a0 :  [(4, 3, 3), (4, 4, 3), (2, 4, 20), (2, 0, 20), (3, 0, 54), (3, 3, 54)]
a1 :  [(3, 2, 11), (4, 0, 17), (4, 1, 17), (0, 4, 18), (0, 1, 18), (3, 0, 11)]
a2 :  [(2, 2, 36), (4, 2, 36), (1, 1, 37), (0, 1, 39), (0, 3, 44), (1, 3, 54)]
====================================================================================
a0 :  [(4, 3, 4), (4, 4, 4), (2, 4, 21), (2, 0, 21), (3, 0, 55), (3, 3, 55)]
a1 :  [(3, 2, 12), (4, 0, 18), (4, 1, 18), (0, 4, 19), (0, 1, 19), (3, 0, 12)]
a2 :  [(2, 2, 37), (4, 2, 37), (1, 1, 38), (0, 1, 40), (0, 3, 45), (1, 3, 55)]
====================================================================================
a0 :  [(4, 4, 0), (4, 3, 0), (3, 3, 51), (3, 0, 51), (2, 0, 17), (2, 4, 17)]
a1 :  [(4, 0, 14), (3, 2, 8), (3, 0, 8), (0, 1, 15), (0, 4, 15), (4, 1, 14)]
a2 :  [(2, 2, 33), (4, 2, 33), (1, 1, 34), (0, 1, 36), (0, 3, 41), (1, 3, 51)]
====================================================================================
a0 :  [(4, 4, 1), (4, 3, 1), (3, 3, 52), (3, 0, 52), (2, 0, 18), (2, 4, 18)]
a1 :  [(4, 0, 15), (3, 2, 9), (3, 0, 9), (0, 1, 16), (0, 4, 16), (4, 1, 15)]
a2 :  [(2, 2, 34), (4, 2, 34), (1, 1, 35), (0, 1, 37), (0, 3, 42), (1, 3, 52)]
====================================================================================
a0 :  [(4, 4, 2), (4, 3, 2), (3, 3, 53), (3, 0, 53), (2, 0, 19), (2, 4, 19)]
a1 :  [(4, 0, 16), (3, 2, 10), (3, 0, 10), (0, 1, 17), (0, 4, 17), (4, 1, 16)]
a2 :  [(2, 2, 35), (4, 2, 35), (1, 1, 36), (0, 1, 38), (0, 3, 43), (1, 3, 53)]
====================================================================================
a0 :  [(4, 4, 3), (4, 3, 3), (3, 3, 54), (3, 0, 54), (2, 0, 20), (2, 4, 20)]
a1 :  [(4, 0, 17), (3, 2, 11), (3, 0, 11), (0, 1, 18), (0, 4, 18), (4, 1, 17)]
a2 :  [(2, 2, 36), (4, 2, 36), (1, 1, 37), (0, 1, 39), (0, 3, 44), (1, 3, 54)]
====================================================================================
a0 :  [(4, 4, 4), (4, 3, 4), (3, 3, 55), (3, 0, 55), (2, 0, 21), (2, 4, 21)]
a1 :  [(4, 0, 18), (3, 2, 12), (3, 0, 12), (0, 1, 19), (0, 4, 19), (4, 1, 18)]
a2 :  [(2, 2, 37), (4, 2, 37), (1, 1, 38), (0, 1, 40), (0, 3, 45), (1, 3, 55)]
====================================================================================
