original state :delta 1 
[(0, 0, 0), (1, 0, 63), (1, 2, 63), (2, 2, 30), (2, 1, 30), (0, 1, 0)]
next state : delta 2 
[(0, 0, 0), (0, 2, 0), (2, 3, 9), (2, 0, 9), (1, 2, 36), (1, 3, 36)]
kernel found
delta 3 : 
[(0, 0, 0), (2, 1, 3), (0, 4, 7), (3, 1, 17), (3, 3, 24), (2, 3, 46)]

Digest : 96b18cc347560813a3ecf260

96b18cc347560813a3ecf260
6
[[0, 1, 1, 0, 1, 0, 0, 1, 1, 0, 0, 0, 1, 1, 0, 1], [0, 0, 1, 1, 0, 0, 0, 1, 1, 1, 0, 0, 0, 0, 1, 1], [1, 1, 1, 0, 0, 0, 1, 0, 0, 1, 1, 0, 1, 0, 1, 0], [0, 0, 0, 1, 0, 0, 0, 0, 1, 1, 0, 0, 1, 0, 0, 0], [1, 1, 0, 0, 0, 1, 0, 1, 0, 0, 1, 1, 0, 1, 1, 1], [0, 1, 0, 0, 1, 1, 1, 1, 0, 0, 0, 0, 0, 1, 1, 0]]
=============================================== 3 SLICE GROUP ================================================ 0
=============================================== Merging ================================================
=============================================== Merging Done================================================
slice 3 solution 18424
[[1, 1, 0, 1, 1, 27, 11], [0, 0, 0, 0, 0, 0, 0, 0, 0, 0, 0], [0, 0, 0, 1, 1, 0, 0, 1, 1, 1, 0]]
18424
=============================================== 3 SLICE GROUP ================================================ 3
=============================================== Merging ================================================
=============================================== Merging Done================================================
slice 3 solution 2040
[[0, 0, 1, 1, 1, 28, 17], [0, 0, 1, 1, 1, 0, 1, 1, 1, 1, 1], [0, 0, 0, 0, 0, 0, 0, 0, 1, 1, 1]]
2040
=============================================== 3 SLICE GROUP ================================================ 6
=============================================== Merging ================================================
=============================================== Merging Done================================================
slice 3 solution 6136
[[1, 1, 0, 1, 1, 27, 17], [0, 0, 0, 0, 1, 0, 0, 0, 0, 1, 0], [0, 0, 1, 0, 1, 0, 0, 0, 1, 1, 1]]
6136
=============================================== 3 SLICE GROUP ================================================ 9
=============================================== Merging ================================================
=============================================== Merging Done================================================
slice 3 solution 6136
[[0, 1, 1, 1, 0, 14, 11], [0, 0, 1, 1, 1, 0, 1, 1, 1, 1, 1], [0, 0, 0, 1, 1, 0, 0, 1, 1, 1, 0]]
6136
=============================================== 6 SLICE GROUP ================================================ 0
slice 6 solutions  56012808
=============================================== 6 SLICE GROUP ================================================ 6
slice 6 solutions  56454520
=============================================== 12 SLICE GROUP ================================================ 0
slice 12 solution  19247698
=============================================== Merging ================================================
=============================================== Merging Done================================================
slice 3 solution 6152
[[1, 0, 1, 0, 1, 21, 7], [0, 0, 0, 0, 1, 0, 0, 0, 0, 1, 0], [0, 0, 1, 0, 1, 0, 1, 1, 1, 1, 1]]
=============================================== LAST 3 SLICE GROUP ================================================
slice 15 solution  5086
=============================================== merge of 12, 3 SLICE GROUPs ================================================
=============================================== LAST merge To be done ================================================
wait.............
n 5086
m 768
slice 16 solutions  5

Solutions : 

[[27, [1, 1, 0, 1, 0, 0, 0, 0, 1, 1, 1], [0, 0, 0, 1, 0, 0, 1, 0, 1, 0, 0], [1, 1, 0, 0, 1, 1, 1, 1, 0, 1, 1], [0, 0, 0, 1, 1, 1, 1, 0, 1, 0, 1], [0, 1, 1, 1, 0, 0, 1, 0, 1, 1, 1], [1, 0, 0, 0, 0, 0, 0, 0, 1, 0, 1], [0, 0, 1, 0, 0, 0, 1, 0, 1, 0, 1], [1, 0, 1, 1, 1, 0, 1, 0, 0, 1, 0], [1, 1, 0, 0, 1, 0, 0, 1, 0, 0, 1], [0, 1, 0, 0, 0, 1, 0, 0, 0, 1, 0], [1, 1, 1, 1, 1, 0, 0, 0, 1, 0, 1], [0, 0, 1, 1, 0, 0, 0, 0, 0, 1, 0], [1, 1, 1, 1, 0, 1, 0, 1, 0, 1, 0], [1, 0, 1, 1, 0, 0, 1, 0, 1, 1, 0], [1, 1, 0, 1, 0, 0, 1, 1, 0, 1, 1], [0, 1, 1, 0, 0, 1, 0, 0, 0, 1, 0], 17624], [18, [1, 0, 1, 1, 1, 0, 0, 0, 0, 1, 1], [1, 1, 0, 1, 1, 0, 1, 0, 1, 0, 0], [0, 0, 0, 1, 1, 0, 0, 0, 0, 1, 0], [0, 1, 0, 0, 0, 0, 0, 0, 0, 0, 0], [0, 1, 0, 1, 1, 0, 1, 0, 1, 1, 1], [0, 1, 1, 1, 1, 0, 0, 1, 1, 1, 1], [1, 0, 1, 1, 1, 0, 1, 1, 0, 0, 1], [1, 0, 1, 0, 1, 1, 1, 1, 0, 1, 0], [1, 0, 0, 1, 1, 0, 0, 0, 1, 0, 1], [1, 1, 0, 1, 0, 1, 1, 0, 0, 1, 0], [1, 0, 0, 1, 0, 0, 0, 1, 0, 0, 1], [1, 0, 1, 1, 0, 1, 0, 0, 0, 0, 1], [1, 0, 1, 0, 1, 1, 1, 1, 1, 0, 1], [0, 0, 1, 1, 0, 1, 1, 1, 0, 1, 0], [0, 0, 1, 1, 1, 0, 0, 1, 0, 1, 1], [1, 1, 0, 1, 0, 0, 1, 1, 1, 1, 0], 31097], [21, [1, 0, 1, 0, 1, 0, 0, 1, 1, 1, 1], [0, 1, 0, 0, 1, 1, 1, 0, 0, 0, 1], [0, 1, 0, 0, 0, 1, 1, 0, 0, 1, 1], [0, 1, 1, 0, 1, 0, 0, 0, 0, 0, 0], [0, 1, 1, 0, 1, 0, 0, 0, 0, 1, 1], [1, 0, 1, 0, 1, 0, 0, 0, 1, 0, 1], [1, 0, 1, 1, 1, 0, 1, 1, 0, 0, 1], [0, 1, 1, 0, 0, 0, 1, 1, 0, 1, 0], [1, 0, 0, 0, 0, 0, 1, 0, 0, 1, 1], [1, 1, 0, 1, 0, 1, 1, 1, 0, 1, 0], [0, 0, 1, 0, 0, 0, 1, 0, 1, 1, 1], [1, 0, 0, 0, 1, 0, 1, 0, 0, 1, 0], [1, 0, 1, 0, 0, 0, 1, 0, 1, 0, 0], [0, 0, 0, 0, 1, 1, 1, 0, 1, 1, 0], [1, 0, 0, 1, 0, 0, 1, 1, 1, 1, 1], [0, 0, 0, 1, 1, 1, 1, 0, 1, 1, 1], 61187], [14, [1, 0, 1, 1, 1, 0, 0, 1, 0, 1, 1], [0, 1, 1, 1, 0, 1, 0, 1, 0, 0, 1], [1, 0, 0, 1, 0, 1, 1, 0, 1, 1, 1], [1, 1, 1, 1, 1, 0, 1, 1, 1, 0, 0], [0, 1, 1, 0, 0, 0, 0, 0, 1, 1, 1], [1, 1, 0, 1, 1, 0, 0, 0, 1, 0, 1], [1, 0, 0, 1, 0, 0, 1, 1, 1, 0, 1], [0, 1, 0, 1, 1, 1, 1, 1, 0, 1, 0], [0, 1, 0, 1, 1, 0, 1, 1, 1, 1, 1], [0, 1, 0, 1, 0, 1, 0, 1, 1, 1, 0], [1, 0, 1, 1, 1, 0, 1, 0, 0, 1, 1], [1, 0, 0, 0, 1, 1, 1, 0, 0, 1, 0], [1, 0, 1, 0, 1, 0, 1, 0, 1, 0, 0], [0, 0, 0, 1, 0, 0, 0, 1, 1, 1, 0], [1, 0, 1, 1, 1, 0, 1, 0, 0, 1, 1], [0, 0, 1, 0, 1, 1, 0, 1, 1, 1, 1], 63118], [17, [1, 0, 0, 0, 1, 0, 0, 1, 0, 1, 1], [0, 1, 1, 0, 1, 1, 1, 0, 1, 0, 0], [0, 0, 0, 1, 0, 1, 1, 0, 1, 1, 1], [0, 0, 0, 0, 0, 1, 1, 0, 1, 0, 0], [1, 0, 1, 1, 1, 0, 1, 1, 0, 1, 1], [1, 1, 0, 0, 1, 0, 0, 0, 0, 0, 1], [0, 0, 0, 0, 1, 0, 1, 1, 0, 0, 1], [0, 1, 1, 1, 0, 0, 0, 0, 1, 1, 0], [0, 0, 1, 1, 0, 0, 1, 1, 0, 1, 1], [0, 1, 0, 1, 1, 1, 0, 1, 1, 1, 0], [1, 0, 0, 0, 0, 0, 0, 1, 1, 0, 1], [1, 0, 0, 0, 0, 0, 1, 1, 0, 1, 0], [0, 0, 0, 1, 0, 1, 0, 0, 0, 0, 0], [0, 1, 1, 0, 0, 0, 0, 0, 0, 1, 0], [0, 1, 0, 0, 0, 0, 0, 0, 1, 1, 1], [0, 0, 0, 1, 1, 1, 1, 1, 1, 1, 1], 65299]]
